8.950000000000000000e+03 4.451583325862884521e-02
8.950300300300299568e+03 4.662478342652320862e-02
8.950600600600600956e+03 4.890989139676094055e-02
8.950900900900900524e+03 5.139110237360000610e-02
8.951201201201201911e+03 5.409229546785354614e-02
8.951501501501501480e+03 5.703959241509437561e-02
8.951801801801801048e+03 6.026730313897132874e-02
8.952102102102102435e+03 6.381531059741973877e-02
8.952402402402402004e+03 6.773590296506881714e-02
8.952702702702703391e+03 7.209741324186325073e-02
8.953003003003002959e+03 7.699067890644073486e-02
8.953303303303302528e+03 8.253064006567001343e-02
8.953603603603603915e+03 8.884438127279281616e-02
8.953903903903903483e+03 9.606963396072387695e-02
8.954204204204204871e+03 1.044990494847297668e-01
8.954504504504504439e+03 1.147557571530342102e-01
8.954804804804804007e+03 1.275672316551208496e-01
8.955105105105105395e+03 1.437123119831085205e-01
8.955405405405404963e+03 1.641115844249725342e-01
8.955705705705706350e+03 1.886530667543411255e-01
8.956006006006005919e+03 2.151829749345779419e-01
8.956306306306305487e+03 2.431187480688095093e-01
8.956606606606606874e+03 2.773231267929077148e-01
8.956906906906906443e+03 3.228050470352172852e-01
8.957207207207207830e+03 3.828345835208892822e-01
8.957507507507507398e+03 4.599689245223999023e-01
8.957807807807806967e+03 5.562015175819396973e-01
8.958108108108108354e+03 6.721502542495727539e-01
8.958408408408407922e+03 8.070695400238037109e-01
8.958708708708709310e+03 9.593561887741088867e-01
8.959009009009008878e+03 1.128102540969848633e+00
8.959309309309308446e+03 1.307771086692810059e+00
8.959609609609609834e+03 1.484117984771728516e+00
8.959909909909909402e+03 1.645454764366149902e+00
8.960210210210210789e+03 1.788579225540161133e+00
8.960510510510510358e+03 1.914014101028442383e+00
8.960810810810809926e+03 2.022212028503417969e+00
8.961111111111111313e+03 2.114581108093261719e+00
8.961411411411410882e+03 2.195579051971435547e+00
8.961711711711712269e+03 2.267405509948730469e+00
8.962012012012011837e+03 2.326045989990234375e+00
8.962312312312311406e+03 2.366661548614501953e+00
8.962612612612612793e+03 2.387637853622436523e+00
8.962912912912912361e+03 2.387999773025512695e+00
8.963213213213213749e+03 2.366313219070434570e+00
8.963513513513513317e+03 2.321309089660644531e+00
8.963813813813814704e+03 2.252356290817260742e+00
8.964114114114114273e+03 2.160856485366821289e+00
8.964414414414413841e+03 2.050559520721435547e+00
8.964714714714715228e+03 1.927960395812988281e+00
8.965015015015014797e+03 1.800442218780517578e+00
8.965315315315316184e+03 1.673654437065124512e+00
8.965615615615615752e+03 1.551575541496276855e+00
8.965915915915915321e+03 1.437913060188293457e+00
8.966216216216216708e+03 1.335562944412231445e+00
8.966516516516516276e+03 1.246385812759399414e+00
8.966816816816817663e+03 1.171341896057128906e+00
8.967117117117117232e+03 1.109757423400878906e+00
8.967417417417416800e+03 1.060249686241149902e+00
8.967717717717718187e+03 1.020925521850585938e+00
8.968018018018017756e+03 9.895831346511840820e-01
8.968318318318319143e+03 9.644776582717895508e-01
8.968618618618618711e+03 9.446045160293579102e-01
8.968918918918918280e+03 9.291048049926757812e-01
8.969219219219219667e+03 9.168907999992370605e-01
8.969519519519519235e+03 9.064825773239135742e-01
8.969819819819820623e+03 8.966691493988037109e-01
8.970120120120120191e+03 8.876359462738037109e-01
8.970420420420419759e+03 8.807754516601562500e-01
8.970720720720721147e+03 8.771533966064453125e-01
8.971021021021020715e+03 8.763734102249145508e-01
8.971321321321322102e+03 8.771934509277343750e-01
8.971621621621621671e+03 8.785867094993591309e-01
8.971921921921921239e+03 8.800626993179321289e-01
8.972222222222222626e+03 8.812851309776306152e-01
8.972522522522522195e+03 8.818882107734680176e-01
8.972822822822823582e+03 8.817135095596313477e-01
8.973123123123123150e+03 8.808020353317260742e-01
8.973423423423422719e+03 8.795656561851501465e-01
8.973723723723724106e+03 8.781152963638305664e-01
8.974024024024023674e+03 8.760885000228881836e-01
8.974324324324325062e+03 8.737651705741882324e-01
8.974624624624624630e+03 8.719810247421264648e-01
8.974924924924924198e+03 8.710080981254577637e-01
8.975225225225225586e+03 8.704598546028137207e-01
8.975525525525525154e+03 8.701180219650268555e-01
8.975825825825826541e+03 8.695586323738098145e-01
8.976126126126126110e+03 8.682018518447875977e-01
8.976426426426425678e+03 8.659929037094116211e-01
8.976726726726727065e+03 8.629273772239685059e-01
8.977027027027026634e+03 8.589792847633361816e-01
8.977327327327328021e+03 8.543372750282287598e-01
8.977627627627627589e+03 8.488125801086425781e-01
8.977927927927927158e+03 8.422299027442932129e-01
8.978228228228228545e+03 8.352406024932861328e-01
8.978528528528528113e+03 8.286628127098083496e-01
8.978828828828829501e+03 8.226385116577148438e-01
8.979129129129129069e+03 8.170717358589172363e-01
8.979429429429428637e+03 8.117212653160095215e-01
8.979729729729730025e+03 8.059051632881164551e-01
8.980030030030029593e+03 7.989754080772399902e-01
8.980330330330330980e+03 7.907977104187011719e-01
8.980630630630630549e+03 7.817910909652709961e-01
8.980930930930930117e+03 7.726917266845703125e-01
8.981231231231231504e+03 7.636845111846923828e-01
8.981531531531531073e+03 7.545620799064636230e-01
8.981831831831832460e+03 7.455596923828125000e-01
8.982132132132132028e+03 7.371745109558105469e-01
8.982432432432431597e+03 7.298087477684020996e-01
8.982732732732732984e+03 7.235333323478698730e-01
8.983033033033032552e+03 7.180951237678527832e-01
8.983333333333333940e+03 7.130082845687866211e-01
8.983633633633633508e+03 7.078936696052551270e-01
8.983933933933933076e+03 7.027488946914672852e-01
8.984234234234234464e+03 6.977016925811767578e-01
8.984534534534534032e+03 6.930354237556457520e-01
8.984834834834835419e+03 6.889206171035766602e-01
8.985135135135134988e+03 6.852187514305114746e-01
8.985435435435434556e+03 6.816550493240356445e-01
8.985735735735735943e+03 6.780682206153869629e-01
8.986036036036035512e+03 6.746705770492553711e-01
8.986336336336336899e+03 6.718050241470336914e-01
8.986636636636636467e+03 6.697565317153930664e-01
8.986936936936937855e+03 6.686827540397644043e-01
8.987237237237237423e+03 6.687558889389038086e-01
8.987537537537536991e+03 6.701555252075195312e-01
8.987837837837838379e+03 6.727912425994873047e-01
8.988138138138137947e+03 6.764810085296630859e-01
8.988438438438439334e+03 6.809962987899780273e-01
8.988738738738738903e+03 6.860325932502746582e-01
8.989039039039038471e+03 6.917795538902282715e-01
8.989339339339339858e+03 6.986076831817626953e-01
8.989639639639639427e+03 7.065238952636718750e-01
8.989939939939940814e+03 7.154155969619750977e-01
8.990240240240240382e+03 7.252859473228454590e-01
8.990540540540539951e+03 7.361276745796203613e-01
8.990840840840841338e+03 7.478819489479064941e-01
8.991141141141140906e+03 7.606640458106994629e-01
8.991441441441442294e+03 7.744926810264587402e-01
8.991741741741741862e+03 7.889326214790344238e-01
8.992042042042041430e+03 8.035420775413513184e-01
8.992342342342342818e+03 8.180872797966003418e-01
8.992642642642642386e+03 8.325060606002807617e-01
8.992942942942943773e+03 8.469506502151489258e-01
8.993243243243243342e+03 8.616687655448913574e-01
8.993543543543542910e+03 8.769046664237976074e-01
8.993843843843844297e+03 8.925768136978149414e-01
8.994144144144143866e+03 9.082912802696228027e-01
8.994444444444445253e+03 9.239516854286193848e-01
8.994744744744744821e+03 9.396311640739440918e-01
8.995045045045044390e+03 9.550845623016357422e-01
8.995345345345345777e+03 9.698022603988647461e-01
8.995645645645645345e+03 9.834356307983398438e-01
8.995945945945946733e+03 9.962978959083557129e-01
8.996246246246246301e+03 1.008827447891235352e+00
8.996546546546545869e+03 1.021116733551025391e+00
8.996846846846847257e+03 1.032946348190307617e+00
8.997147147147146825e+03 1.043844223022460938e+00
8.997447447447448212e+03 1.053383469581604004e+00
8.997747747747747781e+03 1.061484098434448242e+00
8.998048048048047349e+03 1.068472266197204590e+00
8.998348348348348736e+03 1.075128793716430664e+00
8.998648648648648305e+03 1.082397580146789551e+00
8.998948948948949692e+03 1.090319395065307617e+00
8.999249249249249260e+03 1.098426103591918945e+00
8.999549549549548829e+03 1.106125116348266602e+00
8.999849849849850216e+03 1.112687468528747559e+00
9.000150150150149784e+03 1.117971777915954590e+00
9.000450450450451171e+03 1.122815608978271484e+00
9.000750750750750740e+03 1.127885937690734863e+00
9.001051051051050308e+03 1.132973909378051758e+00
9.001351351351351695e+03 1.137509107589721680e+00
9.001651651651651264e+03 1.141055941581726074e+00
9.001951951951952651e+03 1.143879175186157227e+00
9.002252252252252219e+03 1.146383762359619141e+00
9.002552552552551788e+03 1.148876070976257324e+00
9.002852852852853175e+03 1.151192188262939453e+00
9.003153153153152743e+03 1.152461290359497070e+00
9.003453453453454131e+03 1.152361750602722168e+00
9.003753753753753699e+03 1.151477813720703125e+00
9.004054054054053267e+03 1.150428295135498047e+00
9.004354354354354655e+03 1.149349212646484375e+00
9.004654654654654223e+03 1.147888779640197754e+00
9.004954954954955610e+03 1.146011829376220703e+00
9.005255255255255179e+03 1.144155383110046387e+00
9.005555555555554747e+03 1.142521977424621582e+00
9.005855855855856134e+03 1.140815615653991699e+00
9.006156156156155703e+03 1.138711452484130859e+00
9.006456456456457090e+03 1.136275291442871094e+00
9.006756756756756658e+03 1.133527278900146484e+00
9.007057057057056227e+03 1.130670070648193359e+00
9.007357357357357614e+03 1.128281593322753906e+00
9.007657657657657182e+03 1.126623630523681641e+00
9.007957957957958570e+03 1.125433802604675293e+00
9.008258258258258138e+03 1.124453306198120117e+00
9.008558558558557706e+03 1.123368024826049805e+00
9.008858858858859094e+03 1.121648311614990234e+00
9.009159159159158662e+03 1.118952155113220215e+00
9.009459459459460049e+03 1.115331411361694336e+00
9.009759759759759618e+03 1.111130237579345703e+00
