8.950000000000000000e+03 4.642316326498985291e-02
8.950300300300299568e+03 4.879390448331832886e-02
8.950600600600600956e+03 5.138264968991279602e-02
8.950900900900900524e+03 5.421973019838333130e-02
8.951201201201201911e+03 5.734137073159217834e-02
8.951501501501501480e+03 6.079106777906417847e-02
8.951801801801801048e+03 6.462183594703674316e-02
8.952102102102102435e+03 6.889893859624862671e-02
8.952402402402402004e+03 7.370377331972122192e-02
8.952702702702703391e+03 7.913937419652938843e-02
8.953003003003002959e+03 8.533859252929687500e-02
8.953303303303302528e+03 9.247659146785736084e-02
8.953603603603603915e+03 1.007900461554527283e-01
8.953903903903903483e+03 1.106076538562774658e-01
8.954204204204204871e+03 1.224002912640571594e-01
8.954504504504504439e+03 1.368545889854431152e-01
8.954804804804804007e+03 1.549508124589920044e-01
8.955105105105105395e+03 1.778798699378967285e-01
8.955405405405404963e+03 2.063243687152862549e-01
8.955705705705706350e+03 2.390803992748260498e-01
8.956006006006005919e+03 2.740241587162017822e-01
8.956306306306305487e+03 3.136083185672760010e-01
8.956606606606606874e+03 3.657757043838500977e-01
8.956906906906906443e+03 4.386121928691864014e-01
8.957207207207207830e+03 5.395121574401855469e-01
8.957507507507507398e+03 6.763305664062500000e-01
8.957807807807806967e+03 8.560585975646972656e-01
8.958108108108108354e+03 1.078679084777832031e+00
8.958408408408407922e+03 1.325213551521301270e+00
8.958708708708709310e+03 1.555277228355407715e+00
8.959009009009008878e+03 1.729978442192077637e+00
8.959309309309308446e+03 1.837629318237304688e+00
8.959609609609609834e+03 1.892488837242126465e+00
8.959909909909909402e+03 1.915462017059326172e+00
8.960210210210210789e+03 1.920762062072753906e+00
8.960510510510510358e+03 1.914746284484863281e+00
8.960810810810809926e+03 1.898231983184814453e+00
8.961111111111111313e+03 1.870149135589599609e+00
8.961411411411410882e+03 1.830543041229248047e+00
8.961711711711712269e+03 1.780245900154113770e+00
8.962012012012011837e+03 1.720929145812988281e+00
8.962312312312311406e+03 1.656343221664428711e+00
8.962612612612612793e+03 1.590893745422363281e+00
8.962912912912912361e+03 1.527769565582275391e+00
8.963213213213213749e+03 1.468709826469421387e+00
8.963513513513513317e+03 1.414651155471801758e+00
8.963813813813814704e+03 1.366666078567504883e+00
8.964114114114114273e+03 1.325405240058898926e+00
8.964414414414413841e+03 1.289909482002258301e+00
8.964714714714715228e+03 1.258463025093078613e+00
8.965015015015014797e+03 1.229952692985534668e+00
8.965315315315316184e+03 1.203635811805725098e+00
8.965615615615615752e+03 1.178977251052856445e+00
8.965915915915915321e+03 1.156145334243774414e+00
8.966216216216216708e+03 1.135819435119628906e+00
8.966516516516516276e+03 1.118316054344177246e+00
8.966816816816817663e+03 1.103266477584838867e+00
8.967117117117117232e+03 1.090279579162597656e+00
8.967417417417416800e+03 1.079227805137634277e+00
8.967717717717718187e+03 1.069957733154296875e+00
8.968018018018017756e+03 1.062319397926330566e+00
8.968318318318319143e+03 1.056099057197570801e+00
8.968618618618618711e+03 1.050770878791809082e+00
8.968918918918918280e+03 1.045906066894531250e+00
8.969219219219219667e+03 1.041500926017761230e+00
8.969519519519519235e+03 1.037689805030822754e+00
8.969819819819820623e+03 1.034364223480224609e+00
8.970120120120120191e+03 1.031229496002197266e+00
8.970420420420419759e+03 1.028085112571716309e+00
8.970720720720721147e+03 1.024875402450561523e+00
8.971021021021020715e+03 1.021515846252441406e+00
8.971321321321322102e+03 1.017753601074218750e+00
8.971621621621621671e+03 1.013359785079956055e+00
8.971921921921921239e+03 1.008424282073974609e+00
8.972222222222222626e+03 1.003077268600463867e+00
8.972522522522522195e+03 9.973085522651672363e-01
8.972822822822823582e+03 9.910826086997985840e-01
8.973123123123123150e+03 9.844559431076049805e-01
8.973423423423422719e+03 9.776201844215393066e-01
8.973723723723724106e+03 9.706830382347106934e-01
8.974024024024023674e+03 9.635492563247680664e-01
8.974324324324325062e+03 9.561796784400939941e-01
8.974624624624624630e+03 9.486703872680664062e-01
8.974924924924924198e+03 9.412811398506164551e-01
8.975225225225225586e+03 9.345801472663879395e-01
8.975525525525525154e+03 9.290727972984313965e-01
8.975825825825826541e+03 9.246237277984619141e-01
8.976126126126126110e+03 9.206685423851013184e-01
8.976426426426425678e+03 9.167726635932922363e-01
8.976726726726727065e+03 9.128576517105102539e-01
8.977027027027026634e+03 9.090840220451354980e-01
8.977327327327328021e+03 9.055933356285095215e-01
8.977627627627627589e+03 9.024311900138854980e-01
8.977927927927927158e+03 8.995685577392578125e-01
8.978228228228228545e+03 8.969035744667053223e-01
8.978528528528528113e+03 8.944122791290283203e-01
8.978828828828829501e+03 8.920431137084960938e-01
8.979129129129129069e+03 8.897366523742675781e-01
8.979429429429428637e+03 8.874455094337463379e-01
8.979729729729730025e+03 8.850116133689880371e-01
8.980030030030029593e+03 8.824039697647094727e-01
8.980330330330330980e+03 8.797561526298522949e-01
8.980630630630630549e+03 8.770536780357360840e-01
8.980930930930930117e+03 8.740868568420410156e-01
8.981231231231231504e+03 8.707511425018310547e-01
8.981531531531531073e+03 8.671728372573852539e-01
8.981831831831832460e+03 8.633891940116882324e-01
8.982132132132132028e+03 8.593181967735290527e-01
8.982432432432431597e+03 8.550394773483276367e-01
8.982732732732732984e+03 8.508072495460510254e-01
8.983033033033032552e+03 8.468071818351745605e-01
8.983333333333333940e+03 8.429592251777648926e-01
8.983633633633633508e+03 8.390476703643798828e-01
8.983933933933933076e+03 8.350467085838317871e-01
8.984234234234234464e+03 8.310242295265197754e-01
8.984534534534534032e+03 8.269115090370178223e-01
8.984834834834835419e+03 8.226905465126037598e-01
8.985135135135134988e+03 8.184268474578857422e-01
8.985435435435434556e+03 8.141778707504272461e-01
8.985735735735735943e+03 8.100723028182983398e-01
8.986036036036035512e+03 8.061363101005554199e-01
8.986336336336336899e+03 8.024196624755859375e-01
8.986636636636636467e+03 7.991238236427307129e-01
8.986936936936937855e+03 7.963882088661193848e-01
8.987237237237237423e+03 7.941353321075439453e-01
8.987537537537536991e+03 7.922436594963073730e-01
8.987837837837838379e+03 7.906854152679443359e-01
8.988138138138137947e+03 7.895345091819763184e-01
8.988438438438439334e+03 7.889010906219482422e-01
8.988738738738738903e+03 7.888267040252685547e-01
8.989039039039038471e+03 7.893215417861938477e-01
8.989339339339339858e+03 7.903590202331542969e-01
8.989639639639639427e+03 7.919293045997619629e-01
8.989939939939940814e+03 7.941392064094543457e-01
8.990240240240240382e+03 7.970549464225769043e-01
8.990540540540539951e+03 8.005219101905822754e-01
8.990840840840841338e+03 8.043892383575439453e-01
8.991141141141140906e+03 8.087427616119384766e-01
8.991441441441442294e+03 8.137004971504211426e-01
8.991741741741741862e+03 8.191215991973876953e-01
8.992042042042041430e+03 8.248012661933898926e-01
8.992342342342342818e+03 8.306726813316345215e-01
8.992642642642642386e+03 8.367030620574951172e-01
8.992942942942943773e+03 8.428955674171447754e-01
8.993243243243243342e+03 8.492965102195739746e-01
8.993543543543542910e+03 8.558789491653442383e-01
8.993843843843844297e+03 8.626248240470886230e-01
8.994144144144143866e+03 8.695906400680541992e-01
8.994444444444445253e+03 8.768112063407897949e-01
8.994744744744744821e+03 8.842421174049377441e-01
8.995045045045044390e+03 8.917192220687866211e-01
8.995345345345345777e+03 8.990197181701660156e-01
8.995645645645645345e+03 9.061090350151062012e-01
8.995945945945946733e+03 9.131237268447875977e-01
8.996246246246246301e+03 9.201579093933105469e-01
8.996546546546545869e+03 9.272890686988830566e-01
8.996846846846847257e+03 9.345364570617675781e-01
8.997147147147146825e+03 9.418060183525085449e-01
8.997447447447448212e+03 9.489954710006713867e-01
8.997747747747747781e+03 9.560523033142089844e-01
8.998048048048047349e+03 9.629982709884643555e-01
8.998348348348348736e+03 9.698216915130615234e-01
8.998648648648648305e+03 9.764164090156555176e-01
8.998948948948949692e+03 9.829025864601135254e-01
8.999249249249249260e+03 9.893651604652404785e-01
8.999549549549548829e+03 9.956473112106323242e-01
8.999849849849850216e+03 1.001530528068542480e+00
9.000150150150149784e+03 1.006989717483520508e+00
9.000450450450451171e+03 1.012264251708984375e+00
9.000750750750750740e+03 1.017392635345458984e+00
9.001051051051050308e+03 1.022216796875000000e+00
9.001351351351351695e+03 1.026779651641845703e+00
9.001651651651651264e+03 1.031040906906127930e+00
9.001951951951952651e+03 1.034799933433532715e+00
9.002252252252252219e+03 1.038061976432800293e+00
9.002552552552551788e+03 1.041057705879211426e+00
9.002852852852853175e+03 1.043982863426208496e+00
9.003153153153152743e+03 1.046935558319091797e+00
9.003453453453454131e+03 1.049929261207580566e+00
9.003753753753753699e+03 1.052764773368835449e+00
9.004054054054053267e+03 1.055201292037963867e+00
9.004354354354354655e+03 1.057186484336853027e+00
9.004654654654654223e+03 1.058848857879638672e+00
9.004954954954955610e+03 1.060389757156372070e+00
9.005255255255255179e+03 1.061887741088867188e+00
9.005555555555554747e+03 1.063282370567321777e+00
9.005855855855856134e+03 1.064522624015808105e+00
9.006156156156155703e+03 1.065662860870361328e+00
9.006456456456457090e+03 1.066804051399230957e+00
9.006756756756756658e+03 1.067858099937438965e+00
9.007057057057056227e+03 1.068536162376403809e+00
9.007357357357357614e+03 1.068711996078491211e+00
9.007657657657657182e+03 1.068577289581298828e+00
9.007957957957958570e+03 1.068325400352478027e+00
9.008258258258258138e+03 1.067944407463073730e+00
9.008558558558557706e+03 1.067348837852478027e+00
9.008858858858859094e+03 1.066644549369812012e+00
9.009159159159158662e+03 1.065998911857604980e+00
9.009459459459460049e+03 1.065409541130065918e+00
9.009759759759759618e+03 1.064777374267578125e+00
