8.950000000000000000e+03 4.631884768605232239e-02
8.950300300300299568e+03 4.871993884444236755e-02
8.950600600600600956e+03 5.134576559066772461e-02
8.950900900900900524e+03 5.422797426581382751e-02
8.951201201201201911e+03 5.740429833531379700e-02
8.951501501501501480e+03 6.092004477977752686e-02
8.951801801801801048e+03 6.483034789562225342e-02
8.952102102102102435e+03 6.920261681079864502e-02
8.952402402402402004e+03 7.412067055702209473e-02
8.952702702702703391e+03 7.968954741954803467e-02
8.953003003003002959e+03 8.604325354099273682e-02
8.953303303303302528e+03 9.335543215274810791e-02
8.953603603603603915e+03 1.018556207418441772e-01
8.953903903903903483e+03 1.118542775511741638e-01
8.954204204204204871e+03 1.237824037671089172e-01
8.954504504504504439e+03 1.382538080215454102e-01
8.954804804804804007e+03 1.561594605445861816e-01
8.955105105105105395e+03 1.787692457437515259e-01
8.955405405405404963e+03 2.076562047004699707e-01
8.955705705705706350e+03 2.438974678516387939e-01
8.956006006006005919e+03 2.869388759136199951e-01
8.956306306306305487e+03 3.374821543693542480e-01
8.956606606606606874e+03 4.028847813606262207e-01
8.956906906906906443e+03 4.946779906749725342e-01
8.957207207207207830e+03 6.248193979263305664e-01
8.957507507507507398e+03 8.047522306442260742e-01
8.957807807807806967e+03 1.038020610809326172e+00
8.958108108108108354e+03 1.303054213523864746e+00
8.958408408408407922e+03 1.545283555984497070e+00
8.958708708708709310e+03 1.710342526435852051e+00
8.959009009009008878e+03 1.787892818450927734e+00
8.959309309309308446e+03 1.806347370147705078e+00
8.959609609609609834e+03 1.796893954277038574e+00
8.959909909909909402e+03 1.774562358856201172e+00
8.960210210210210789e+03 1.741654634475708008e+00
8.960510510510510358e+03 1.697921514511108398e+00
8.960810810810809926e+03 1.645100474357604980e+00
8.961111111111111313e+03 1.585942625999450684e+00
8.961411411411410882e+03 1.523454785346984863e+00
8.961711711711712269e+03 1.461538910865783691e+00
8.962012012012011837e+03 1.404194593429565430e+00
8.962312312312311406e+03 1.353789567947387695e+00
8.962612612612612793e+03 1.311350941658020020e+00
8.962912912912912361e+03 1.277523279190063477e+00
8.963213213213213749e+03 1.252183437347412109e+00
8.963513513513513317e+03 1.234489440917968750e+00
8.963813813813814704e+03 1.223269343376159668e+00
8.964114114114114273e+03 1.216946125030517578e+00
8.964414414414413841e+03 1.213648557662963867e+00
8.964714714714715228e+03 1.211640715599060059e+00
8.965015015015014797e+03 1.209864497184753418e+00
8.965315315315316184e+03 1.208047389984130859e+00
8.965615615615615752e+03 1.206271886825561523e+00
8.965915915915915321e+03 1.204567909240722656e+00
8.966216216216216708e+03 1.202785372734069824e+00
8.966516516516516276e+03 1.200606703758239746e+00
8.966816816816817663e+03 1.197603940963745117e+00
8.967117117117117232e+03 1.193170666694641113e+00
8.967417417417416800e+03 1.186738848686218262e+00
8.967717717717718187e+03 1.178177356719970703e+00
8.968018018018017756e+03 1.167768001556396484e+00
8.968318318318319143e+03 1.155819535255432129e+00
8.968618618618618711e+03 1.142275214195251465e+00
8.968918918918918280e+03 1.126936316490173340e+00
8.969219219219219667e+03 1.110094904899597168e+00
8.969519519519519235e+03 1.092548012733459473e+00
8.969819819819820623e+03 1.075293779373168945e+00
8.970120120120120191e+03 1.059211134910583496e+00
8.970420420420419759e+03 1.044512152671813965e+00
8.970720720720721147e+03 1.031011104583740234e+00
8.971021021021020715e+03 1.018776774406433105e+00
8.971321321321322102e+03 1.008216381072998047e+00
8.971621621621621671e+03 9.995772838592529297e-01
8.971921921921921239e+03 9.928055405616760254e-01
8.972222222222222626e+03 9.876981973648071289e-01
8.972522522522522195e+03 9.838644862174987793e-01
8.972822822822823582e+03 9.809752702713012695e-01
8.973123123123123150e+03 9.789426326751708984e-01
8.973423423423422719e+03 9.776759743690490723e-01
8.973723723723724106e+03 9.768623709678649902e-01
8.974024024024023674e+03 9.761750698089599609e-01
8.974324324324325062e+03 9.754744768142700195e-01
8.974624624624624630e+03 9.748246669769287109e-01
8.974924924924924198e+03 9.742625355720520020e-01
8.975225225225225586e+03 9.735954999923706055e-01
8.975525525525525154e+03 9.725049734115600586e-01
8.975825825825826541e+03 9.709087610244750977e-01
8.976126126126126110e+03 9.691464900970458984e-01
8.976426426426425678e+03 9.676081538200378418e-01
8.976726726726727065e+03 9.664129614830017090e-01
8.977027027027026634e+03 9.654603600502014160e-01
8.977327327327328021e+03 9.645945429801940918e-01
8.977627627627627589e+03 9.637081623077392578e-01
8.977927927927927158e+03 9.627961516380310059e-01
8.978228228228228545e+03 9.618160724639892578e-01
8.978528528528528113e+03 9.606085419654846191e-01
8.978828828828829501e+03 9.591221213340759277e-01
8.979129129129129069e+03 9.575089812278747559e-01
8.979429429429428637e+03 9.558530449867248535e-01
8.979729729729730025e+03 9.540283679962158203e-01
8.980030030030029593e+03 9.517473578453063965e-01
8.980330330330330980e+03 9.487848877906799316e-01
8.980630630630630549e+03 9.451539516448974609e-01
8.980930930930930117e+03 9.410424828529357910e-01
8.981231231231231504e+03 9.366775155067443848e-01
8.981531531531531073e+03 9.320742487907409668e-01
8.981831831831832460e+03 9.271981716156005859e-01
8.982132132132132028e+03 9.220813512802124023e-01
8.982432432432431597e+03 9.167407155036926270e-01
8.982732732732732984e+03 9.112597107887268066e-01
8.983033033033032552e+03 9.058088064193725586e-01
8.983333333333333940e+03 9.004935622215270996e-01
8.983633633633633508e+03 8.952140212059020996e-01
8.983933933933933076e+03 8.898944854736328125e-01
8.984234234234234464e+03 8.845947980880737305e-01
8.984534534534534032e+03 8.792552351951599121e-01
8.984834834834835419e+03 8.738222718238830566e-01
8.985135135135134988e+03 8.684097528457641602e-01
8.985435435435434556e+03 8.630949258804321289e-01
8.985735735735735943e+03 8.578538298606872559e-01
8.986036036036035512e+03 8.527040481567382812e-01
8.986336336336336899e+03 8.477207422256469727e-01
8.986636636636636467e+03 8.429161310195922852e-01
8.986936936936937855e+03 8.382835984230041504e-01
8.987237237237237423e+03 8.339080810546875000e-01
8.987537537537536991e+03 8.298397064208984375e-01
8.987837837837838379e+03 8.260686397552490234e-01
8.988138138138137947e+03 8.226835727691650391e-01
8.988438438438439334e+03 8.197531104087829590e-01
8.988738738738738903e+03 8.172228932380676270e-01
8.989039039039038471e+03 8.151016235351562500e-01
8.989339339339339858e+03 8.134490251541137695e-01
8.989639639639639427e+03 8.121938109397888184e-01
8.989939939939940814e+03 8.111848235130310059e-01
8.990240240240240382e+03 8.103302717208862305e-01
8.990540540540539951e+03 8.096169829368591309e-01
8.990840840840841338e+03 8.090752959251403809e-01
8.991141141141140906e+03 8.088725805282592773e-01
8.991441441441442294e+03 8.092178106307983398e-01
8.991741741741741862e+03 8.101836442947387695e-01
8.992042042042041430e+03 8.116626143455505371e-01
8.992342342342342818e+03 8.135458230972290039e-01
8.992642642642642386e+03 8.158289790153503418e-01
8.992942942942943773e+03 8.183945417404174805e-01
8.993243243243243342e+03 8.210549950599670410e-01
8.993543543543542910e+03 8.237565755844116211e-01
8.993843843843844297e+03 8.265133500099182129e-01
8.994144144144143866e+03 8.293428421020507812e-01
8.994444444444445253e+03 8.322034478187561035e-01
8.994744744744744821e+03 8.350749611854553223e-01
8.995045045045044390e+03 8.380724787712097168e-01
8.995345345345345777e+03 8.412675261497497559e-01
8.995645645645645345e+03 8.446387648582458496e-01
8.995945945945946733e+03 8.482103943824768066e-01
8.996246246246246301e+03 8.519774675369262695e-01
8.996546546546545869e+03 8.558849692344665527e-01
8.996846846846847257e+03 8.599745035171508789e-01
8.997147147147146825e+03 8.643898367881774902e-01
8.997447447447448212e+03 8.690817356109619141e-01
8.997747747747747781e+03 8.737904429435729980e-01
8.998048048048047349e+03 8.784642815589904785e-01
8.998348348348348736e+03 8.831661939620971680e-01
8.998648648648648305e+03 8.879036307334899902e-01
8.998948948948949692e+03 8.926956653594970703e-01
8.999249249249249260e+03 8.975741267204284668e-01
8.999549549549548829e+03 9.024502635002136230e-01
8.999849849849850216e+03 9.072394967079162598e-01
9.000150150150149784e+03 9.120171070098876953e-01
9.000450450450451171e+03 9.168186187744140625e-01
9.000750750750750740e+03 9.216887950897216797e-01
9.001051051051050308e+03 9.267473220825195312e-01
9.001351351351351695e+03 9.319266080856323242e-01
9.001651651651651264e+03 9.369853734970092773e-01
9.001951951951952651e+03 9.418182373046875000e-01
9.002252252252252219e+03 9.464846849441528320e-01
9.002552552552551788e+03 9.510720372200012207e-01
9.002852852852853175e+03 9.556200504302978516e-01
9.003153153153152743e+03 9.600604176521301270e-01
9.003453453453454131e+03 9.642270207405090332e-01
9.003753753753753699e+03 9.680336713790893555e-01
9.004054054054053267e+03 9.715630412101745605e-01
9.004354354354354655e+03 9.749900102615356445e-01
9.004654654654654223e+03 9.783961772918701172e-01
9.004954954954955610e+03 9.817972779273986816e-01
9.005255255255255179e+03 9.851992130279541016e-01
9.005555555555554747e+03 9.885250926017761230e-01
9.005855855855856134e+03 9.917335510253906250e-01
9.006156156156155703e+03 9.947322607040405273e-01
9.006456456456457090e+03 9.974260926246643066e-01
9.006756756756756658e+03 9.998887777328491211e-01
9.007057057057056227e+03 1.002227425575256348e+00
9.007357357357357614e+03 1.004499793052673340e+00
9.007657657657657182e+03 1.006810665130615234e+00
9.007957957957958570e+03 1.009313821792602539e+00
9.008258258258258138e+03 1.011976361274719238e+00
9.008558558558557706e+03 1.014557361602783203e+00
9.008858858858859094e+03 1.016992092132568359e+00
9.009159159159158662e+03 1.019397258758544922e+00
9.009459459459460049e+03 1.021797180175781250e+00
9.009759759759759618e+03 1.024088621139526367e+00
