8.950000000000000000e+03 4.538657888770103455e-02
8.950300300300299568e+03 4.761402308940887451e-02
8.950600600600600956e+03 5.003726854920387268e-02
8.950900900900900524e+03 5.268241837620735168e-02
8.951201201201201911e+03 5.558035150170326233e-02
8.951501501501501480e+03 5.876810476183891296e-02
8.951801801801801048e+03 6.229036673903465271e-02
8.952102102102102435e+03 6.620185822248458862e-02
8.952402402402402004e+03 7.057014852762222290e-02
8.952702702702703391e+03 7.548016309738159180e-02
8.953003003003002959e+03 8.104050904512405396e-02
8.953303303303302528e+03 8.739288151264190674e-02
8.953603603603603915e+03 9.472669661045074463e-02
8.953903903903903483e+03 1.033023968338966370e-01
8.954204204204204871e+03 1.134891510009765625e-01
8.954504504504504439e+03 1.258243918418884277e-01
8.954804804804804007e+03 1.410903036594390869e-01
8.955105105105105395e+03 1.603268533945083618e-01
8.955405405405404963e+03 1.844178140163421631e-01
8.955705705705706350e+03 2.127693146467208862e-01
8.956006006006005919e+03 2.431070804595947266e-01
8.956306306306305487e+03 2.763071060180664062e-01
8.956606606606606874e+03 3.185217976570129395e-01
8.956906906906906443e+03 3.760176897048950195e-01
8.957207207207207830e+03 4.539050161838531494e-01
8.957507507507507398e+03 5.577320456504821777e-01
8.957807807807806967e+03 6.930863857269287109e-01
8.958108108108108354e+03 8.612081408500671387e-01
8.958408408408407922e+03 1.050986289978027344e+00
8.958708708708709310e+03 1.238588929176330566e+00
8.959009009009008878e+03 1.401259064674377441e+00
8.959309309309308446e+03 1.530135750770568848e+00
8.959609609609609834e+03 1.630560278892517090e+00
8.959909909909909402e+03 1.713205575942993164e+00
8.960210210210210789e+03 1.787603020668029785e+00
8.960510510510510358e+03 1.859810590744018555e+00
8.960810810810809926e+03 1.930197119712829590e+00
8.961111111111111313e+03 1.994060873985290527e+00
8.961411411411410882e+03 2.045465946197509766e+00
8.961711711711712269e+03 2.079985857009887695e+00
8.962012012012011837e+03 2.094243526458740234e+00
8.962312312312311406e+03 2.086321115493774414e+00
8.962612612612612793e+03 2.057988166809082031e+00
8.962912912912912361e+03 2.013651609420776367e+00
8.963213213213213749e+03 1.957388997077941895e+00
8.963513513513513317e+03 1.892576694488525391e+00
8.963813813813814704e+03 1.821715712547302246e+00
8.964114114114114273e+03 1.746143341064453125e+00
8.964414414414413841e+03 1.666490316390991211e+00
8.964714714714715228e+03 1.583892703056335449e+00
8.965015015015014797e+03 1.501164793968200684e+00
8.965315315315316184e+03 1.421937823295593262e+00
8.965615615615615752e+03 1.349038004875183105e+00
8.965915915915915321e+03 1.284166455268859863e+00
8.966216216216216708e+03 1.228141784667968750e+00
8.966516516516516276e+03 1.181069374084472656e+00
8.966816816816817663e+03 1.142193317413330078e+00
8.967117117117117232e+03 1.110084772109985352e+00
8.967417417417416800e+03 1.083601593971252441e+00
8.967717717717718187e+03 1.062273740768432617e+00
8.968018018018017756e+03 1.045773506164550781e+00
8.968318318318319143e+03 1.033239841461181641e+00
8.968618618618618711e+03 1.023447871208190918e+00
8.968918918918918280e+03 1.015556573867797852e+00
8.969219219219219667e+03 1.009207367897033691e+00
8.969519519519519235e+03 1.004165530204772949e+00
8.969819819819820623e+03 1.000020861625671387e+00
8.970120120120120191e+03 9.961444139480590820e-01
8.970420420420419759e+03 9.920390844345092773e-01
8.970720720720721147e+03 9.875150918960571289e-01
8.971021021021020715e+03 9.824966192245483398e-01
8.971321321321322102e+03 9.768776297569274902e-01
8.971621621621621671e+03 9.706683754920959473e-01
8.971921921921921239e+03 9.640141725540161133e-01
8.972222222222222626e+03 9.569606781005859375e-01
8.972522522522522195e+03 9.494068622589111328e-01
8.972822822822823582e+03 9.414790272712707520e-01
8.973123123123123150e+03 9.334537982940673828e-01
8.973423423423422719e+03 9.254060983657836914e-01
8.973723723723724106e+03 9.172927141189575195e-01
8.974024024024023674e+03 9.090788960456848145e-01
8.974324324324325062e+03 9.008374810218811035e-01
8.974624624624624630e+03 8.927912116050720215e-01
8.974924924924924198e+03 8.852005600929260254e-01
8.975225225225225586e+03 8.782155513763427734e-01
8.975525525525525154e+03 8.719382882118225098e-01
8.975825825825826541e+03 8.662594556808471680e-01
8.976126126126126110e+03 8.609227538108825684e-01
8.976426426426425678e+03 8.557717204093933105e-01
8.976726726726727065e+03 8.507837057113647461e-01
8.977027027027026634e+03 8.459986448287963867e-01
8.977327327327328021e+03 8.414677977561950684e-01
8.977627627627627589e+03 8.372012376785278320e-01
8.977927927927927158e+03 8.331971168518066406e-01
8.978228228228228545e+03 8.295241594314575195e-01
8.978528528528528113e+03 8.262299299240112305e-01
8.978828828828829501e+03 8.231886029243469238e-01
8.979129129129129069e+03 8.202040195465087891e-01
8.979429429429428637e+03 8.172457218170166016e-01
8.979729729729730025e+03 8.143700361251831055e-01
8.980030030030029593e+03 8.115191459655761719e-01
8.980330330330330980e+03 8.085331916809082031e-01
8.980630630630630549e+03 8.053563833236694336e-01
8.980930930930930117e+03 8.020495772361755371e-01
8.981231231231231504e+03 7.986994385719299316e-01
8.981531531531531073e+03 7.953541278839111328e-01
8.981831831831832460e+03 7.920253872871398926e-01
8.982132132132132028e+03 7.886881828308105469e-01
8.982432432432431597e+03 7.853044271469116211e-01
8.982732732732732984e+03 7.818138599395751953e-01
8.983033033033032552e+03 7.782229781150817871e-01
8.983333333333333940e+03 7.746713757514953613e-01
8.983633633633633508e+03 7.712949514389038086e-01
8.983933933933933076e+03 7.681141495704650879e-01
8.984234234234234464e+03 7.650887370109558105e-01
8.984534534534534032e+03 7.622506022453308105e-01
8.984834834834835419e+03 7.595468163490295410e-01
8.985135135135134988e+03 7.569519281387329102e-01
8.985435435435434556e+03 7.546364665031433105e-01
8.985735735735735943e+03 7.527434825897216797e-01
8.986036036036035512e+03 7.512537240982055664e-01
8.986336336336336899e+03 7.501752376556396484e-01
8.986636636636636467e+03 7.495956420898437500e-01
8.986936936936937855e+03 7.494868636131286621e-01
8.987237237237237423e+03 7.497946023941040039e-01
8.987537537537536991e+03 7.505230903625488281e-01
8.987837837837838379e+03 7.516694068908691406e-01
8.988138138138137947e+03 7.532317042350769043e-01
8.988438438438439334e+03 7.552908658981323242e-01
8.988738738738738903e+03 7.580198049545288086e-01
8.989039039039038471e+03 7.614761590957641602e-01
8.989339339339339858e+03 7.656650543212890625e-01
8.989639639639639427e+03 7.706004977226257324e-01
8.989939939939940814e+03 7.762154936790466309e-01
8.990240240240240382e+03 7.823672890663146973e-01
8.990540540540539951e+03 7.889510989189147949e-01
8.990840840840841338e+03 7.959409356117248535e-01
8.991141141141140906e+03 8.033266663551330566e-01
8.991441441441442294e+03 8.110587596893310547e-01
8.991741741741741862e+03 8.191033601760864258e-01
8.992042042042041430e+03 8.275775313377380371e-01
8.992342342342342818e+03 8.366573452949523926e-01
8.992642642642642386e+03 8.463885784149169922e-01
8.992942942942943773e+03 8.566057085990905762e-01
8.993243243243243342e+03 8.670646548271179199e-01
8.993543543543542910e+03 8.776752948760986328e-01
8.993843843843844297e+03 8.884323239326477051e-01
8.994144144144143866e+03 8.993077874183654785e-01
8.994444444444445253e+03 9.103361368179321289e-01
8.994744744744744821e+03 9.215108752250671387e-01
8.995045045045044390e+03 9.326782226562500000e-01
8.995345345345345777e+03 9.436810612678527832e-01
8.995645645645645345e+03 9.545545578002929688e-01
8.995945945945946733e+03 9.652870893478393555e-01
8.996246246246246301e+03 9.757001996040344238e-01
8.996546546546545869e+03 9.856625795364379883e-01
8.996846846846847257e+03 9.951668977737426758e-01
8.997147147147146825e+03 1.004347562789916992e+00
8.997447447447448212e+03 1.013203620910644531e+00
8.997747747747747781e+03 1.021580576896667480e+00
8.998048048048047349e+03 1.029450178146362305e+00
8.998348348348348736e+03 1.036877155303955078e+00
8.998648648648648305e+03 1.043932557106018066e+00
8.998948948948949692e+03 1.050596356391906738e+00
8.999249249249249260e+03 1.056836485862731934e+00
8.999549549549548829e+03 1.062617301940917969e+00
8.999849849849850216e+03 1.067902088165283203e+00
9.000150150150149784e+03 1.072647333145141602e+00
9.000450450450451171e+03 1.076849579811096191e+00
9.000750750750750740e+03 1.080635786056518555e+00
9.001051051051050308e+03 1.084254860877990723e+00
9.001351351351351695e+03 1.087791323661804199e+00
9.001651651651651264e+03 1.091143131256103516e+00
9.001951951951952651e+03 1.094212889671325684e+00
9.002252252252252219e+03 1.097057700157165527e+00
9.002552552552551788e+03 1.099702477455139160e+00
9.002852852852853175e+03 1.101966738700866699e+00
9.003153153153152743e+03 1.103791475296020508e+00
9.003453453453454131e+03 1.105300426483154297e+00
9.003753753753753699e+03 1.106510043144226074e+00
9.004054054054053267e+03 1.107296347618103027e+00
9.004354354354354655e+03 1.107527256011962891e+00
9.004654654654654223e+03 1.107178926467895508e+00
9.004954954954955610e+03 1.106316089630126953e+00
9.005255255255255179e+03 1.105130553245544434e+00
9.005555555555554747e+03 1.103869318962097168e+00
9.005855855855856134e+03 1.102672100067138672e+00
9.006156156156155703e+03 1.101551294326782227e+00
9.006456456456457090e+03 1.100408434867858887e+00
9.006756756756756658e+03 1.099159240722656250e+00
9.007057057057056227e+03 1.097805500030517578e+00
9.007357357357357614e+03 1.096367359161376953e+00
9.007657657657657182e+03 1.094858646392822266e+00
9.007957957957958570e+03 1.093307375907897949e+00
9.008258258258258138e+03 1.091682553291320801e+00
9.008558558558557706e+03 1.089917540550231934e+00
9.008858858858859094e+03 1.087972640991210938e+00
9.009159159159158662e+03 1.085953712463378906e+00
9.009459459459460049e+03 1.083944320678710938e+00
9.009759759759759618e+03 1.081862330436706543e+00
