8.950000000000000000e+03 4.471795260906219482e-02
8.950300300300299568e+03 4.683639481663703918e-02
8.950600600600600956e+03 4.913239181041717529e-02
8.950900900900900524e+03 5.162839591503143311e-02
8.951201201201201911e+03 5.435063689947128296e-02
8.951501501501501480e+03 5.733040347695350647e-02
8.951801801801801048e+03 6.060487776994705200e-02
8.952102102102102435e+03 6.421914696693420410e-02
8.952402402402402004e+03 6.822820007801055908e-02
8.952702702702703391e+03 7.270002365112304688e-02
8.953003003003002959e+03 7.772030681371688843e-02
8.953303303303302528e+03 8.339843153953552246e-02
8.953603603603603915e+03 8.987787365913391113e-02
8.953903903903903483e+03 9.735117852687835693e-02
8.954204204204204871e+03 1.060846671462059021e-01
8.954504504504504439e+03 1.164576411247253418e-01
8.954804804804804007e+03 1.290188580751419067e-01
8.955105105105105395e+03 1.445334404706954956e-01
8.955405405405404963e+03 1.638510972261428833e-01
8.955705705705706350e+03 1.871885657310485840e-01
8.956006006006005919e+03 2.133716046810150146e-01
8.956306306306305487e+03 2.422634065151214600e-01
8.956606606606606874e+03 2.775771617889404297e-01
8.956906906906906443e+03 3.236270248889923096e-01
8.957207207207207830e+03 3.835544884204864502e-01
8.957507507507507398e+03 4.607764184474945068e-01
8.957807807807806967e+03 5.593446493148803711e-01
8.958108108108108354e+03 6.818189620971679688e-01
8.958408408408407922e+03 8.258419036865234375e-01
8.958708708708709310e+03 9.845283627510070801e-01
8.959009009009008878e+03 1.149629950523376465e+00
8.959309309309308446e+03 1.312842965126037598e+00
8.959609609609609834e+03 1.466939926147460938e+00
8.959909909909909402e+03 1.608506560325622559e+00
8.960210210210210789e+03 1.738650560379028320e+00
8.960510510510510358e+03 1.861087322235107422e+00
8.960810810810809926e+03 1.980394482612609863e+00
8.961111111111111313e+03 2.099033594131469727e+00
8.961411411411410882e+03 2.214382171630859375e+00
8.961711711711712269e+03 2.319452524185180664e+00
8.962012012012011837e+03 2.405761957168579102e+00
8.962312312312311406e+03 2.465856790542602539e+00
8.962612612612612793e+03 2.494308233261108398e+00
8.962912912912912361e+03 2.487363815307617188e+00
8.963213213213213749e+03 2.444260358810424805e+00
8.963513513513513317e+03 2.368247509002685547e+00
8.963813813813814704e+03 2.265474796295166016e+00
8.964114114114114273e+03 2.143733024597167969e+00
8.964414414414413841e+03 2.011257648468017578e+00
8.964714714714715228e+03 1.875249862670898438e+00
8.965015015015014797e+03 1.741030573844909668e+00
8.965315315315316184e+03 1.612694382667541504e+00
8.965615615615615752e+03 1.493507266044616699e+00
8.965915915915915321e+03 1.385933160781860352e+00
8.966216216216216708e+03 1.291191577911376953e+00
8.966516516516516276e+03 1.209405422210693359e+00
8.966816816816817663e+03 1.140355587005615234e+00
8.967117117117117232e+03 1.083255887031555176e+00
8.967417417417416800e+03 1.036779165267944336e+00
8.967717717717718187e+03 9.993738532066345215e-01
8.968018018018017756e+03 9.696732163429260254e-01
8.968318318318319143e+03 9.463665485382080078e-01
8.968618618618618711e+03 9.280924797058105469e-01
8.968918918918918280e+03 9.137365221977233887e-01
8.969219219219219667e+03 9.023170471191406250e-01
8.969519519519519235e+03 8.929968476295471191e-01
8.969819819819820623e+03 8.854528069496154785e-01
8.970120120120120191e+03 8.796835541725158691e-01
8.970420420420419759e+03 8.756713867187500000e-01
8.970720720720721147e+03 8.734463453292846680e-01
8.971021021021020715e+03 8.728038072586059570e-01
8.971321321321322102e+03 8.732756972312927246e-01
8.971621621621621671e+03 8.742969036102294922e-01
8.971921921921921239e+03 8.753774166107177734e-01
8.972222222222222626e+03 8.762283921241760254e-01
8.972522522522522195e+03 8.767008781433105469e-01
8.972822822822823582e+03 8.767139911651611328e-01
8.973123123123123150e+03 8.762276172637939453e-01
8.973423423423422719e+03 8.752881288528442383e-01
8.973723723723724106e+03 8.739190697669982910e-01
8.974024024024023674e+03 8.721941113471984863e-01
8.974324324324325062e+03 8.702098131179809570e-01
8.974624624624624630e+03 8.679679036140441895e-01
8.974924924924924198e+03 8.654652237892150879e-01
8.975225225225225586e+03 8.626680970191955566e-01
8.975525525525525154e+03 8.594945669174194336e-01
8.975825825825826541e+03 8.558843731880187988e-01
8.976126126126126110e+03 8.518158197402954102e-01
8.976426426426425678e+03 8.473126292228698730e-01
8.976726726726727065e+03 8.424630165100097656e-01
8.977027027027026634e+03 8.373237252235412598e-01
8.977327327327328021e+03 8.319377303123474121e-01
8.977627627627627589e+03 8.263550400733947754e-01
8.977927927927927158e+03 8.207607269287109375e-01
8.978228228228228545e+03 8.153050541877746582e-01
8.978528528528528113e+03 8.098750114440917969e-01
8.978828828828829501e+03 8.042990565299987793e-01
8.979129129129129069e+03 7.984883189201354980e-01
8.979429429429428637e+03 7.924035787582397461e-01
8.979729729729730025e+03 7.861040234565734863e-01
8.980030030030029593e+03 7.797027230262756348e-01
8.980330330330330980e+03 7.733117341995239258e-01
8.980630630630630549e+03 7.669332623481750488e-01
8.980930930930930117e+03 7.604811787605285645e-01
8.981231231231231504e+03 7.538711428642272949e-01
8.981531531531531073e+03 7.470764517784118652e-01
8.981831831831832460e+03 7.401649355888366699e-01
8.982132132132132028e+03 7.333793640136718750e-01
8.982432432432431597e+03 7.270241975784301758e-01
8.982732732732732984e+03 7.212399244308471680e-01
8.983033033033032552e+03 7.160285711288452148e-01
8.983333333333333940e+03 7.113130688667297363e-01
8.983633633633633508e+03 7.069942951202392578e-01
8.983933933933933076e+03 7.029961347579956055e-01
8.984234234234234464e+03 6.992056369781494141e-01
8.984534534534534032e+03 6.955974698066711426e-01
8.984834834834835419e+03 6.923275589942932129e-01
8.985135135135134988e+03 6.894791722297668457e-01
8.985435435435434556e+03 6.870183348655700684e-01
8.985735735735735943e+03 6.850218176841735840e-01
8.986036036036035512e+03 6.837443709373474121e-01
8.986336336336336899e+03 6.833692789077758789e-01
8.986636636636636467e+03 6.838610172271728516e-01
8.986936936936937855e+03 6.851905584335327148e-01
8.987237237237237423e+03 6.874566674232482910e-01
8.987537537537536991e+03 6.907138824462890625e-01
8.987837837837838379e+03 6.948929429054260254e-01
8.988138138138137947e+03 6.999568343162536621e-01
8.988438438438439334e+03 7.059657573699951172e-01
8.988738738738738903e+03 7.130070924758911133e-01
8.989039039039038471e+03 7.211300730705261230e-01
8.989339339339339858e+03 7.303013801574707031e-01
8.989639639639639427e+03 7.403783202171325684e-01
8.989939939939940814e+03 7.512946724891662598e-01
8.990240240240240382e+03 7.630113959312438965e-01
8.990540540540539951e+03 7.753742337226867676e-01
8.990840840840841338e+03 7.881650328636169434e-01
8.991141141141140906e+03 8.012506961822509766e-01
8.991441441441442294e+03 8.146663904190063477e-01
8.991741741741741862e+03 8.284564614295959473e-01
8.992042042042041430e+03 8.424800634384155273e-01
8.992342342342342818e+03 8.565656542778015137e-01
8.992642642642642386e+03 8.707289099693298340e-01
8.992942942942943773e+03 8.850900530815124512e-01
8.993243243243243342e+03 8.997427821159362793e-01
8.993543543543542910e+03 9.146106243133544922e-01
8.993843843843844297e+03 9.294784665107727051e-01
8.994144144144143866e+03 9.440994858741760254e-01
8.994444444444445253e+03 9.583170413970947266e-01
8.994744744744744821e+03 9.721366763114929199e-01
8.995045045045044390e+03 9.855350852012634277e-01
8.995345345345345777e+03 9.984724521636962891e-01
8.995645645645645345e+03 1.010988235473632812e+00
8.995945945945946733e+03 1.023057937622070312e+00
8.996246246246246301e+03 1.034539699554443359e+00
8.996546546546545869e+03 1.045367836952209473e+00
8.996846846846847257e+03 1.055565595626831055e+00
8.997147147147146825e+03 1.065082430839538574e+00
8.997447447447448212e+03 1.073774814605712891e+00
8.997747747747747781e+03 1.081589460372924805e+00
8.998048048048047349e+03 1.088607072830200195e+00
8.998348348348348736e+03 1.094951987266540527e+00
8.998648648648648305e+03 1.100761055946350098e+00
8.998948948948949692e+03 1.106183290481567383e+00
8.999249249249249260e+03 1.111337184906005859e+00
8.999549549549548829e+03 1.116167426109313965e+00
8.999849849849850216e+03 1.120517253875732422e+00
9.000150150150149784e+03 1.124312639236450195e+00
9.000450450450451171e+03 1.127613186836242676e+00
9.000750750750750740e+03 1.130546212196350098e+00
9.001051051051050308e+03 1.133195996284484863e+00
9.001351351351351695e+03 1.135428309440612793e+00
9.001651651651651264e+03 1.137116193771362305e+00
9.001951951951952651e+03 1.138360738754272461e+00
9.002252252252252219e+03 1.139310717582702637e+00
9.002552552552551788e+03 1.140071988105773926e+00
9.002852852852853175e+03 1.140601038932800293e+00
9.003153153153152743e+03 1.140730619430541992e+00
9.003453453453454131e+03 1.140379667282104492e+00
9.003753753753753699e+03 1.139620780944824219e+00
9.004054054054053267e+03 1.138587713241577148e+00
9.004354354354354655e+03 1.137402534484863281e+00
9.004654654654654223e+03 1.136140942573547363e+00
9.004954954954955610e+03 1.134770750999450684e+00
9.005255255255255179e+03 1.133297324180603027e+00
9.005555555555554747e+03 1.131828308105468750e+00
9.005855855855856134e+03 1.130310535430908203e+00
9.006156156156155703e+03 1.128553748130798340e+00
9.006456456456457090e+03 1.126546263694763184e+00
9.006756756756756658e+03 1.124392271041870117e+00
9.007057057057056227e+03 1.122175097465515137e+00
9.007357357357357614e+03 1.119900941848754883e+00
9.007657657657657182e+03 1.117510437965393066e+00
9.007957957957958570e+03 1.114936709403991699e+00
9.008258258258258138e+03 1.112071156501770020e+00
9.008558558558557706e+03 1.108907938003540039e+00
9.008858858858859094e+03 1.105530738830566406e+00
9.009159159159158662e+03 1.101969480514526367e+00
9.009459459459460049e+03 1.098239064216613770e+00
9.009759759759759618e+03 1.094454765319824219e+00
