8.950000000000000000e+03 4.731054976582527161e-02
8.950300300300299568e+03 4.982013627886772156e-02
8.950600600600600956e+03 5.256966874003410339e-02
8.950900900900900524e+03 5.559359118342399597e-02
8.951201201201201911e+03 5.893292278051376343e-02
8.951501501501501480e+03 6.263703852891921997e-02
8.951801801801801048e+03 6.676626950502395630e-02
8.952102102102102435e+03 7.139455527067184448e-02
8.952402402402402004e+03 7.661383599042892456e-02
8.952702702702703391e+03 8.253972977399826050e-02
8.953003003003002959e+03 8.931998163461685181e-02
8.953303303303302528e+03 9.714674949645996094e-02
8.953603603603603915e+03 1.062739714980125427e-01
8.953903903903903483e+03 1.170462742447853088e-01
8.954204204204204871e+03 1.299418509006500244e-01
8.954504504504504439e+03 1.456422358751296997e-01
8.954804804804804007e+03 1.651319563388824463e-01
8.955105105105105395e+03 1.897952705621719360e-01
8.955405405405404963e+03 2.212989479303359985e-01
8.955705705705706350e+03 2.608160376548767090e-01
8.956006006006005919e+03 3.083407878875732422e-01
8.956306306306305487e+03 3.658702075481414795e-01
8.956606606606606874e+03 4.417597949504852295e-01
8.956906906906906443e+03 5.480877161026000977e-01
8.957207207207207830e+03 6.977052092552185059e-01
8.957507507507507398e+03 9.018200039863586426e-01
8.957807807807806967e+03 1.159900307655334473e+00
8.958108108108108354e+03 1.442773222923278809e+00
8.958408408408407922e+03 1.693743944168090820e+00
8.958708708708709310e+03 1.867316246032714844e+00
8.959009009009008878e+03 1.954225420951843262e+00
8.959309309309308446e+03 1.966358423233032227e+00
8.959609609609609834e+03 1.923807978630065918e+00
8.959909909909909402e+03 1.849275231361389160e+00
8.960210210210210789e+03 1.761123418807983398e+00
8.960510510510510358e+03 1.670658707618713379e+00
8.960810810810809926e+03 1.583710908889770508e+00
8.961111111111111313e+03 1.503324985504150391e+00
8.961411411411410882e+03 1.431496620178222656e+00
8.961711711711712269e+03 1.369165897369384766e+00
8.962012012012011837e+03 1.315841674804687500e+00
8.962312312312311406e+03 1.270331144332885742e+00
8.962612612612612793e+03 1.231673717498779297e+00
8.962912912912912361e+03 1.199365854263305664e+00
8.963213213213213749e+03 1.173144340515136719e+00
8.963513513513513317e+03 1.152743697166442871e+00
8.963813813813814704e+03 1.137719154357910156e+00
8.964114114114114273e+03 1.127185702323913574e+00
8.964414414414413841e+03 1.120048880577087402e+00
8.964714714714715228e+03 1.115409374237060547e+00
8.965015015015014797e+03 1.112671732902526855e+00
8.965315315315316184e+03 1.111229062080383301e+00
8.965615615615615752e+03 1.110289335250854492e+00
8.965915915915915321e+03 1.109110355377197266e+00
8.966216216216216708e+03 1.107186317443847656e+00
8.966516516516516276e+03 1.104252576828002930e+00
8.966816816816817663e+03 1.100445032119750977e+00
8.967117117117117232e+03 1.096086025238037109e+00
8.967417417417416800e+03 1.091191649436950684e+00
8.967717717717718187e+03 1.085438251495361328e+00
8.968018018018017756e+03 1.078444957733154297e+00
8.968318318318319143e+03 1.070111155509948730e+00
8.968618618618618711e+03 1.060590863227844238e+00
8.968918918918918280e+03 1.050056934356689453e+00
8.969219219219219667e+03 1.038696646690368652e+00
8.969519519519519235e+03 1.026826977729797363e+00
8.969819819819820623e+03 1.014819264411926270e+00
8.970120120120120191e+03 1.003091812133789062e+00
8.970420420420419759e+03 9.920536279678344727e-01
8.970720720720721147e+03 9.821464419364929199e-01
8.971021021021020715e+03 9.738050103187561035e-01
8.971321321321322102e+03 9.671480655670166016e-01
8.971621621621621671e+03 9.621392488479614258e-01
8.971921921921921239e+03 9.587908387184143066e-01
8.972222222222222626e+03 9.569514989852905273e-01
8.972522522522522195e+03 9.563342928886413574e-01
8.972822822822823582e+03 9.566420316696166992e-01
8.973123123123123150e+03 9.576134681701660156e-01
8.973423423423422719e+03 9.590708613395690918e-01
8.973723723723724106e+03 9.608594179153442383e-01
8.974024024024023674e+03 9.628026485443115234e-01
8.974324324324325062e+03 9.648541808128356934e-01
8.974624624624624630e+03 9.670996665954589844e-01
8.974924924924924198e+03 9.696193933486938477e-01
8.975225225225225586e+03 9.723771214485168457e-01
8.975525525525525154e+03 9.752507805824279785e-01
8.975825825825826541e+03 9.781804084777832031e-01
8.976126126126126110e+03 9.811717867851257324e-01
8.976426426426425678e+03 9.842038750648498535e-01
8.976726726726727065e+03 9.872039556503295898e-01
8.977027027027026634e+03 9.900812506675720215e-01
8.977327327327328021e+03 9.927605986595153809e-01
8.977627627627627589e+03 9.952714443206787109e-01
8.977927927927927158e+03 9.977023005485534668e-01
8.978228228228228545e+03 1.000046491622924805e+00
8.978528528528528113e+03 1.002186179161071777e+00
8.978828828828829501e+03 1.003961324691772461e+00
8.979129129129129069e+03 1.005341649055480957e+00
8.979429429429428637e+03 1.006364822387695312e+00
8.979729729729730025e+03 1.006917595863342285e+00
8.980030030030029593e+03 1.006831049919128418e+00
8.980330330330330980e+03 1.006022930145263672e+00
8.980630630630630549e+03 1.004478335380554199e+00
8.980930930930930117e+03 1.002161383628845215e+00
8.981231231231231504e+03 9.989699125289916992e-01
8.981531531531531073e+03 9.948702454566955566e-01
8.981831831831832460e+03 9.900197386741638184e-01
8.982132132132132028e+03 9.846497774124145508e-01
8.982432432432431597e+03 9.788241386413574219e-01
8.982732732732732984e+03 9.724898338317871094e-01
8.983033033033032552e+03 9.657137393951416016e-01
8.983333333333333940e+03 9.586403965950012207e-01
8.983633633633633508e+03 9.513276219367980957e-01
8.983933933933933076e+03 9.437296390533447266e-01
8.984234234234234464e+03 9.358872175216674805e-01
8.984534534534534032e+03 9.279073476791381836e-01
8.984834834834835419e+03 9.199258089065551758e-01
8.985135135135134988e+03 9.121155142784118652e-01
8.985435435435434556e+03 9.045108556747436523e-01
8.985735735735735943e+03 8.970701098442077637e-01
8.986036036036035512e+03 8.897643685340881348e-01
8.986336336336336899e+03 8.825348615646362305e-01
8.986636636636636467e+03 8.754447698593139648e-01
8.986936936936937855e+03 8.686029911041259766e-01
8.987237237237237423e+03 8.620150685310363770e-01
8.987537537537536991e+03 8.557052612304687500e-01
8.987837837837838379e+03 8.497495651245117188e-01
8.988138138138137947e+03 8.442347645759582520e-01
8.988438438438439334e+03 8.391481041908264160e-01
8.988738738738738903e+03 8.343968391418457031e-01
8.989039039039038471e+03 8.299083709716796875e-01
8.989339339339339858e+03 8.256676197052001953e-01
8.989639639639639427e+03 8.217409849166870117e-01
8.989939939939940814e+03 8.182451128959655762e-01
8.990240240240240382e+03 8.152945637702941895e-01
8.990540540540539951e+03 8.129427433013916016e-01
8.990840840840841338e+03 8.111274838447570801e-01
8.991141141141140906e+03 8.097492456436157227e-01
8.991441441441442294e+03 8.087961077690124512e-01
8.991741741741741862e+03 8.082523941993713379e-01
8.992042042042041430e+03 8.080695867538452148e-01
8.992342342342342818e+03 8.082461953163146973e-01
8.992642642642642386e+03 8.088204860687255859e-01
8.992942942942943773e+03 8.098108172416687012e-01
8.993243243243243342e+03 8.112013339996337891e-01
8.993543543543542910e+03 8.129567503929138184e-01
8.993843843843844297e+03 8.150562047958374023e-01
8.994144144144143866e+03 8.175286650657653809e-01
8.994444444444445253e+03 8.203485608100891113e-01
8.994744744744744821e+03 8.234528303146362305e-01
8.995045045045044390e+03 8.268100619316101074e-01
8.995345345345345777e+03 8.304075598716735840e-01
8.995645645645645345e+03 8.342191576957702637e-01
8.995945945945946733e+03 8.382351994514465332e-01
8.996246246246246301e+03 8.424391150474548340e-01
8.996546546546545869e+03 8.467985391616821289e-01
8.996846846846847257e+03 8.512500524520874023e-01
8.997147147147146825e+03 8.557627797126770020e-01
8.997447447447448212e+03 8.603327870368957520e-01
8.997747747747747781e+03 8.649324774742126465e-01
8.998048048048047349e+03 8.695043921470642090e-01
8.998348348348348736e+03 8.739780783653259277e-01
8.998648648648648305e+03 8.784060478210449219e-01
8.998948948948949692e+03 8.828613758087158203e-01
8.999249249249249260e+03 8.873309493064880371e-01
8.999549549549548829e+03 8.917798995971679688e-01
8.999849849849850216e+03 8.962150812149047852e-01
9.000150150150149784e+03 9.006922245025634766e-01
9.000450450450451171e+03 9.052199125289916992e-01
9.000750750750750740e+03 9.097788333892822266e-01
9.001051051051050308e+03 9.143357872962951660e-01
9.001351351351351695e+03 9.188593029975891113e-01
9.001651651651651264e+03 9.233630895614624023e-01
9.001951951951952651e+03 9.278855919837951660e-01
9.002252252252252219e+03 9.324036836624145508e-01
9.002552552552551788e+03 9.368767738342285156e-01
9.002852852852853175e+03 9.412547945976257324e-01
9.003153153153152743e+03 9.455454349517822266e-01
9.003453453453454131e+03 9.498443603515625000e-01
9.003753753753753699e+03 9.541839361190795898e-01
9.004054054054053267e+03 9.584822654724121094e-01
9.004354354354354655e+03 9.626507759094238281e-01
9.004654654654654223e+03 9.666643738746643066e-01
9.004954954954955610e+03 9.705425500869750977e-01
9.005255255255255179e+03 9.742772579193115234e-01
9.005555555555554747e+03 9.779253602027893066e-01
9.005855855855856134e+03 9.816601872444152832e-01
9.006156156156155703e+03 9.855648279190063477e-01
9.006456456456457090e+03 9.895564913749694824e-01
9.006756756756756658e+03 9.934877753257751465e-01
9.007057057057056227e+03 9.972565770149230957e-01
9.007357357357357614e+03 1.000807166099548340e+00
9.007657657657657182e+03 1.004148364067077637e+00
9.007957957957958570e+03 1.007405400276184082e+00
9.008258258258258138e+03 1.010697722434997559e+00
9.008558558558557706e+03 1.013961076736450195e+00
9.008858858858859094e+03 1.016985177993774414e+00
9.009159159159158662e+03 1.019634842872619629e+00
9.009459459459460049e+03 1.022004008293151855e+00
9.009759759759759618e+03 1.024249672889709473e+00
