8.950000000000000000e+03 4.809225723147392273e-02
8.950300300300299568e+03 5.069246888160705566e-02
8.950600600600600956e+03 5.354578047990798950e-02
8.950900900900900524e+03 5.668893828988075256e-02
8.951201201201201911e+03 6.016589701175689697e-02
8.951501501501501480e+03 6.402985006570816040e-02
8.951801801801801048e+03 6.834564357995986938e-02
8.952102102102102435e+03 7.319287955760955811e-02
8.952402402402402004e+03 7.867102324962615967e-02
8.952702702702703391e+03 8.490521460771560669e-02
8.953003003003002959e+03 9.205576032400131226e-02
8.953303303303302528e+03 1.003314852714538574e-01
8.953603603603603915e+03 1.100091114640235901e-01
8.953903903903903483e+03 1.214646548032760620e-01
8.954204204204204871e+03 1.352214366197586060e-01
8.954504504504504439e+03 1.520259827375411987e-01
8.954804804804804007e+03 1.729559451341629028e-01
8.955105105105105395e+03 1.995167583227157593e-01
8.955405405405404963e+03 2.334627956151962280e-01
8.955705705705706350e+03 2.758894860744476318e-01
8.956006006006005919e+03 3.269328773021697998e-01
8.956306306306305487e+03 3.898368179798126221e-01
8.956606606606606874e+03 4.743949174880981445e-01
8.956906906906906443e+03 5.935189723968505859e-01
8.957207207207207830e+03 7.605813741683959961e-01
8.957507507507507398e+03 9.869447946548461914e-01
8.957807807807806967e+03 1.272710680961608887e+00
8.958108108108108354e+03 1.589048027992248535e+00
8.958408408408407922e+03 1.869561433792114258e+00
8.958708708708709310e+03 2.045385360717773438e+00
8.959009009009008878e+03 2.095113754272460938e+00
8.959309309309308446e+03 2.045713424682617188e+00
8.959609609609609834e+03 1.941771626472473145e+00
8.959909909909909402e+03 1.821343183517456055e+00
8.960210210210210789e+03 1.707232952117919922e+00
8.960510510510510358e+03 1.608296990394592285e+00
8.960810810810809926e+03 1.524499654769897461e+00
8.961111111111111313e+03 1.452151894569396973e+00
8.961411411411410882e+03 1.387274980545043945e+00
8.961711711711712269e+03 1.327338337898254395e+00
8.962012012012011837e+03 1.271808624267578125e+00
8.962312312312311406e+03 1.221437692642211914e+00
8.962612612612612793e+03 1.177130937576293945e+00
8.962912912912912361e+03 1.139178276062011719e+00
8.963213213213213749e+03 1.107336759567260742e+00
8.963513513513513317e+03 1.081173062324523926e+00
8.963813813813814704e+03 1.060210704803466797e+00
8.964114114114114273e+03 1.043953061103820801e+00
8.964414414414413841e+03 1.031861066818237305e+00
8.964714714714715228e+03 1.023280262947082520e+00
8.965015015015014797e+03 1.017470240592956543e+00
8.965315315315316184e+03 1.013736844062805176e+00
8.965615615615615752e+03 1.011332154273986816e+00
8.965915915915915321e+03 1.009482979774475098e+00
8.966216216216216708e+03 1.007762551307678223e+00
8.966516516516516276e+03 1.005902767181396484e+00
8.966816816816817663e+03 1.003554463386535645e+00
8.967117117117117232e+03 1.000578880310058594e+00
8.967417417417416800e+03 9.971839785575866699e-01
8.967717717717718187e+03 9.936208128929138184e-01
8.968018018018017756e+03 9.899745583534240723e-01
8.968318318318319143e+03 9.863755702972412109e-01
8.968618618618618711e+03 9.830067753791809082e-01
8.968918918918918280e+03 9.797223210334777832e-01
8.969219219219219667e+03 9.759480357170104980e-01
8.969519519519519235e+03 9.713236093521118164e-01
8.969819819819820623e+03 9.659302830696105957e-01
8.970120120120120191e+03 9.599636793136596680e-01
8.970420420420419759e+03 9.536784887313842773e-01
8.970720720720721147e+03 9.474863409996032715e-01
8.971021021021020715e+03 9.418457746505737305e-01
8.971321321321322102e+03 9.372512698173522949e-01
8.971621621621621671e+03 9.341372251510620117e-01
8.971921921921921239e+03 9.326509833335876465e-01
8.972222222222222626e+03 9.327403903007507324e-01
8.972522522522522195e+03 9.342842698097229004e-01
8.972822822822823582e+03 9.371817708015441895e-01
8.973123123123123150e+03 9.413363933563232422e-01
8.973423423423422719e+03 9.465964436531066895e-01
8.973723723723724106e+03 9.527642726898193359e-01
8.974024024024023674e+03 9.596822857856750488e-01
8.974324324324325062e+03 9.671198129653930664e-01
8.974624624624624630e+03 9.747489094734191895e-01
8.974924924924924198e+03 9.823815822601318359e-01
8.975225225225225586e+03 9.900365471839904785e-01
8.975525525525525154e+03 9.977070093154907227e-01
8.975825825825826541e+03 1.005264163017272949e+00
8.976126126126126110e+03 1.012556076049804688e+00
8.976426426426425678e+03 1.019424796104431152e+00
8.976726726726727065e+03 1.025737404823303223e+00
8.977027027027026634e+03 1.031486272811889648e+00
8.977327327327328021e+03 1.036851048469543457e+00
8.977627627627627589e+03 1.041869997978210449e+00
8.977927927927927158e+03 1.046276926994323730e+00
8.978228228228228545e+03 1.049906492233276367e+00
8.978528528528528113e+03 1.052810788154602051e+00
8.978828828828829501e+03 1.055059432983398438e+00
8.979129129129129069e+03 1.056590080261230469e+00
8.979429429429428637e+03 1.057275652885437012e+00
8.979729729729730025e+03 1.057136535644531250e+00
8.980030030030029593e+03 1.056245446205139160e+00
8.980330330330330980e+03 1.054551601409912109e+00
8.980630630630630549e+03 1.051939845085144043e+00
8.980930930930930117e+03 1.048415303230285645e+00
8.981231231231231504e+03 1.044232249259948730e+00
8.981531531531531073e+03 1.039597511291503906e+00
8.981831831831832460e+03 1.034427165985107422e+00
8.982132132132132028e+03 1.028564572334289551e+00
8.982432432432431597e+03 1.022019028663635254e+00
8.982732732732732984e+03 1.014968872070312500e+00
8.983033033033032552e+03 1.007577419281005859e+00
8.983333333333333940e+03 9.998320937156677246e-01
8.983633633633633508e+03 9.916286468505859375e-01
8.983933933933933076e+03 9.829476475715637207e-01
8.984234234234234464e+03 9.738361835479736328e-01
8.984534534534534032e+03 9.643895030021667480e-01
8.984834834834835419e+03 9.547037482261657715e-01
8.985135135135134988e+03 9.448713660240173340e-01
8.985435435435434556e+03 9.350156784057617188e-01
8.985735735735735943e+03 9.252205491065979004e-01
8.986036036036035512e+03 9.155154228210449219e-01
8.986336336336336899e+03 9.060023427009582520e-01
8.986636636636636467e+03 8.967671990394592285e-01
8.986936936936937855e+03 8.877667784690856934e-01
8.987237237237237423e+03 8.789831995964050293e-01
8.987537537537536991e+03 8.704752326011657715e-01
8.987837837837838379e+03 8.622843027114868164e-01
8.988138138138137947e+03 8.544820547103881836e-01
8.988438438438439334e+03 8.472123146057128906e-01
8.988738738738738903e+03 8.405752778053283691e-01
8.989039039039038471e+03 8.345775008201599121e-01
8.989339339339339858e+03 8.291595578193664551e-01
8.989639639639639427e+03 8.242921829223632812e-01
8.989939939939940814e+03 8.199856877326965332e-01
8.990240240240240382e+03 8.162367939949035645e-01
8.990540540540539951e+03 8.130275011062622070e-01
8.990840840840841338e+03 8.103501200675964355e-01
8.991141141141140906e+03 8.081858158111572266e-01
8.991441441441442294e+03 8.065106868743896484e-01
8.991741741741741862e+03 8.053261637687683105e-01
8.992042042042041430e+03 8.045489192008972168e-01
8.992342342342342818e+03 8.041422963142395020e-01
8.992642642642642386e+03 8.041260838508605957e-01
8.992942942942943773e+03 8.044774532318115234e-01
8.993243243243243342e+03 8.051975965499877930e-01
8.993543543543542910e+03 8.063269257545471191e-01
8.993843843843844297e+03 8.078756928443908691e-01
8.994144144144143866e+03 8.098319768905639648e-01
8.994444444444445253e+03 8.121553659439086914e-01
8.994744744744744821e+03 8.148155212402343750e-01
8.995045045045044390e+03 8.178116083145141602e-01
8.995345345345345777e+03 8.210689425468444824e-01
8.995645645645645345e+03 8.245563507080078125e-01
8.995945945945946733e+03 8.283057808876037598e-01
8.996246246246246301e+03 8.322399854660034180e-01
8.996546546546545869e+03 8.362681269645690918e-01
8.996846846846847257e+03 8.403798937797546387e-01
8.997147147147146825e+03 8.445800542831420898e-01
8.997447447447448212e+03 8.488199114799499512e-01
8.997747747747747781e+03 8.530469536781311035e-01
8.998048048048047349e+03 8.572347164154052734e-01
8.998348348348348736e+03 8.614339828491210938e-01
8.998648648648648305e+03 8.657816648483276367e-01
8.998948948948949692e+03 8.702883720397949219e-01
8.999249249249249260e+03 8.748477101325988770e-01
8.999549549549548829e+03 8.794265389442443848e-01
8.999849849849850216e+03 8.840879797935485840e-01
9.000150150150149784e+03 8.889304399490356445e-01
9.000450450450451171e+03 8.940276503562927246e-01
9.000750750750750740e+03 8.993530273437500000e-01
9.001051051051050308e+03 9.047703146934509277e-01
9.001351351351351695e+03 9.102037549018859863e-01
9.001651651651651264e+03 9.156701564788818359e-01
9.001951951951952651e+03 9.211570620536804199e-01
9.002252252252252219e+03 9.265688061714172363e-01
9.002552552552551788e+03 9.317929148674011230e-01
9.002852852852853175e+03 9.367504119873046875e-01
9.003153153153152743e+03 9.414477944374084473e-01
9.003453453453454131e+03 9.459589719772338867e-01
9.003753753753753699e+03 9.504253268241882324e-01
9.004054054054053267e+03 9.549412131309509277e-01
9.004354354354354655e+03 9.594667553901672363e-01
9.004654654654654223e+03 9.639650583267211914e-01
9.004954954954955610e+03 9.684598445892333984e-01
9.005255255255255179e+03 9.729208946228027344e-01
9.005555555555554747e+03 9.772701263427734375e-01
9.005855855855856134e+03 9.815595149993896484e-01
9.006156156156155703e+03 9.858711361885070801e-01
9.006456456456457090e+03 9.902121424674987793e-01
9.006756756756756658e+03 9.945642948150634766e-01
9.007057057057056227e+03 9.988597631454467773e-01
9.007357357357357614e+03 1.002972006797790527e+00
9.007657657657657182e+03 1.006815791130065918e+00
9.007957957957958570e+03 1.010433793067932129e+00
9.008258258258258138e+03 1.013938307762145996e+00
9.008558558558557706e+03 1.017406225204467773e+00
9.008858858858859094e+03 1.020846605300903320e+00
9.009159159159158662e+03 1.024163961410522461e+00
9.009459459459460049e+03 1.027278304100036621e+00
9.009759759759759618e+03 1.030222773551940918e+00
