8.950000000000000000e+03 4.604420065879821777e-02
8.950300300300299568e+03 4.839384183287620544e-02
8.950600600600600956e+03 5.095940083265304565e-02
8.950900900900900524e+03 5.377079173922538757e-02
8.951201201201201911e+03 5.686366930603981018e-02
8.951501501501501480e+03 6.028089672327041626e-02
8.951801801801801048e+03 6.407451629638671875e-02
8.952102102102102435e+03 6.830839812755584717e-02
8.952402402402402004e+03 7.306191325187683105e-02
8.952702702702703391e+03 7.843513786792755127e-02
8.953003003003002959e+03 8.455638587474822998e-02
8.953303303303302528e+03 9.159345924854278564e-02
8.953603603603603915e+03 9.977098554372787476e-02
8.953903903903903483e+03 1.093979403376579285e-01
8.954204204204204871e+03 1.209121719002723694e-01
8.954504504504504439e+03 1.349522024393081665e-01
8.954804804804804007e+03 1.524611413478851318e-01
8.955105105105105395e+03 1.747647970914840698e-01
8.955405405405404963e+03 2.032539993524551392e-01
8.955705705705706350e+03 2.376336157321929932e-01
8.956006006006005919e+03 2.739106714725494385e-01
8.956306306306305487e+03 3.110831379890441895e-01
8.956606606606606874e+03 3.584505021572113037e-01
8.956906906906906443e+03 4.270176887512207031e-01
8.957207207207207830e+03 5.261293649673461914e-01
8.957507507507507398e+03 6.665493249893188477e-01
8.957807807807806967e+03 8.585149049758911133e-01
8.958108108108108354e+03 1.101490020751953125e+00
8.958408408408407922e+03 1.369458675384521484e+00
8.958708708708709310e+03 1.612336039543151855e+00
8.959009009009008878e+03 1.783445715904235840e+00
8.959309309309308446e+03 1.869255661964416504e+00
8.959609609609609834e+03 1.899664163589477539e+00
8.959909909909909402e+03 1.910760760307312012e+00
8.960210210210210789e+03 1.903362989425659180e+00
8.960510510510510358e+03 1.873242616653442383e+00
8.960810810810809926e+03 1.838277339935302734e+00
8.961111111111111313e+03 1.812051892280578613e+00
8.961411411411410882e+03 1.780381083488464355e+00
8.961711711711712269e+03 1.722022414207458496e+00
8.962012012012011837e+03 1.637379169464111328e+00
8.962312312312311406e+03 1.544701576232910156e+00
8.962612612612612793e+03 1.462436437606811523e+00
8.962912912912912361e+03 1.398575663566589355e+00
8.963213213213213749e+03 1.353322386741638184e+00
8.963513513513513317e+03 1.320868372917175293e+00
8.963813813813814704e+03 1.296666860580444336e+00
8.964114114114114273e+03 1.283605098724365234e+00
8.964414414414413841e+03 1.280101537704467773e+00
8.964714714714715228e+03 1.273038744926452637e+00
8.965015015015014797e+03 1.253295660018920898e+00
8.965315315315316184e+03 1.223183512687683105e+00
8.965615615615615752e+03 1.190269827842712402e+00
8.965915915915915321e+03 1.163908839225769043e+00
8.966216216216216708e+03 1.147018790245056152e+00
8.966516516516516276e+03 1.134126543998718262e+00
8.966816816816817663e+03 1.117080569267272949e+00
8.967117117117117232e+03 1.092688083648681641e+00
8.967417417417416800e+03 1.064921259880065918e+00
8.967717717717718187e+03 1.036848068237304688e+00
8.968018018018017756e+03 1.012200474739074707e+00
8.968318318318319143e+03 9.963024258613586426e-01
8.968618618618618711e+03 9.892147779464721680e-01
8.968918918918918280e+03 9.879536628723144531e-01
8.969219219219219667e+03 9.922204613685607910e-01
8.969519519519519235e+03 1.001948714256286621e+00
8.969819819819820623e+03 1.013274431228637695e+00
8.970120120120120191e+03 1.022698283195495605e+00
8.970420420420419759e+03 1.028964281082153320e+00
8.970720720720721147e+03 1.031435132026672363e+00
8.971021021021020715e+03 1.027876377105712891e+00
8.971321321321322102e+03 1.016225337982177734e+00
8.971621621621621671e+03 9.988119602203369141e-01
8.971921921921921239e+03 9.815372228622436523e-01
8.972222222222222626e+03 9.707776308059692383e-01
8.972522522522522195e+03 9.708268642425537109e-01
8.972822822822823582e+03 9.808310866355895996e-01
8.973123123123123150e+03 9.972823858261108398e-01
8.973423423423422719e+03 1.017362713813781738e+00
8.973723723723724106e+03 1.037540674209594727e+00
8.974024024024023674e+03 1.053090214729309082e+00
8.974324324324325062e+03 1.059473991394042969e+00
8.974624624624624630e+03 1.055824160575866699e+00
8.974924924924924198e+03 1.045589327812194824e+00
8.975225225225225586e+03 1.032462954521179199e+00
8.975525525525525154e+03 1.017613291740417480e+00
8.975825825825826541e+03 1.003260970115661621e+00
8.976126126126126110e+03 9.905302524566650391e-01
8.976426426426425678e+03 9.771049618721008301e-01
8.976726726726727065e+03 9.632360339164733887e-01
8.977027027027026634e+03 9.515693783760070801e-01
8.977327327327328021e+03 9.420101642608642578e-01
8.977627627627627589e+03 9.325692653656005859e-01
8.977927927927927158e+03 9.228609800338745117e-01
8.978228228228228545e+03 9.148274064064025879e-01
8.978528528528528113e+03 9.091962575912475586e-01
8.978828828828829501e+03 9.048226475715637207e-01
8.979129129129129069e+03 8.998988866806030273e-01
8.979429429429428637e+03 8.928176164627075195e-01
8.979729729729730025e+03 8.834853172302246094e-01
8.980030030030029593e+03 8.742277622222900391e-01
8.980330330330330980e+03 8.678954839706420898e-01
8.980630630630630549e+03 8.645995855331420898e-01
8.980930930930930117e+03 8.621972799301147461e-01
8.981231231231231504e+03 8.586615324020385742e-01
8.981531531531531073e+03 8.539025783538818359e-01
8.981831831831832460e+03 8.492323756217956543e-01
8.982132132132132028e+03 8.455225825309753418e-01
8.982432432432431597e+03 8.437131047248840332e-01
8.982732732732732984e+03 8.449307680130004883e-01
8.983033033033032552e+03 8.495904207229614258e-01
8.983333333333333940e+03 8.561089634895324707e-01
8.983633633633633508e+03 8.607699275016784668e-01
8.983933933933933076e+03 8.606130480766296387e-01
8.984234234234234464e+03 8.552387356758117676e-01
8.984534534534534032e+03 8.474187254905700684e-01
8.984834834834835419e+03 8.419783115386962891e-01
8.985135135135134988e+03 8.396448493003845215e-01
8.985435435435434556e+03 8.364387750625610352e-01
8.985735735735735943e+03 8.300247192382812500e-01
8.986036036036035512e+03 8.218654990196228027e-01
8.986336336336336899e+03 8.142946362495422363e-01
8.986636636636636467e+03 8.075191974639892578e-01
8.986936936936937855e+03 8.007969856262207031e-01
8.987237237237237423e+03 7.936693429946899414e-01
8.987537537537536991e+03 7.863885760307312012e-01
8.987837837837838379e+03 7.802108526229858398e-01
8.988138138138137947e+03 7.760356664657592773e-01
8.988438438438439334e+03 7.740999460220336914e-01
8.988738738738738903e+03 7.736693620681762695e-01
8.989039039039038471e+03 7.749525904655456543e-01
8.989339339339339858e+03 7.785835862159729004e-01
8.989639639639639427e+03 7.825124859809875488e-01
8.989939939939940814e+03 7.850792407989501953e-01
8.990240240240240382e+03 7.874038219451904297e-01
8.990540540540539951e+03 7.893765568733215332e-01
8.990840840840841338e+03 7.907127141952514648e-01
8.991141141141140906e+03 7.922927141189575195e-01
8.991441441441442294e+03 7.948120832443237305e-01
8.991741741741741862e+03 7.985482811927795410e-01
8.992042042042041430e+03 8.033879399299621582e-01
8.992342342342342818e+03 8.102673888206481934e-01
8.992642642642642386e+03 8.193439245223999023e-01
8.992942942942943773e+03 8.295367956161499023e-01
8.993243243243243342e+03 8.397471308708190918e-01
8.993543543543542910e+03 8.480670452117919922e-01
8.993843843843844297e+03 8.536449670791625977e-01
8.994144144144143866e+03 8.584839701652526855e-01
8.994444444444445253e+03 8.645686507225036621e-01
8.994744744744744821e+03 8.716731071472167969e-01
8.995045045045044390e+03 8.785486817359924316e-01
8.995345345345345777e+03 8.837578892707824707e-01
8.995645645645645345e+03 8.866832852363586426e-01
8.995945945945946733e+03 8.882885575294494629e-01
8.996246246246246301e+03 8.903676867485046387e-01
8.996546546546545869e+03 8.953676223754882812e-01
8.996846846846847257e+03 9.034705162048339844e-01
8.997147147147146825e+03 9.133039712905883789e-01
8.997447447447448212e+03 9.245072007179260254e-01
8.997747747747747781e+03 9.352942109107971191e-01
8.998048048048047349e+03 9.434937834739685059e-01
8.998348348348348736e+03 9.488909840583801270e-01
8.998648648648648305e+03 9.527083635330200195e-01
8.998948948948949692e+03 9.556923508644104004e-01
8.999249249249249260e+03 9.584720134735107422e-01
8.999549549549548829e+03 9.618219137191772461e-01
8.999849849849850216e+03 9.649417400360107422e-01
9.000150150150149784e+03 9.672423005104064941e-01
9.000450450450451171e+03 9.698441624641418457e-01
9.000750750750750740e+03 9.739969372749328613e-01
9.001051051051050308e+03 9.800453186035156250e-01
9.001351351351351695e+03 9.875291585922241211e-01
9.001651651651651264e+03 9.969180822372436523e-01
9.001951951951952651e+03 1.007514834403991699e+00
9.002252252252252219e+03 1.015096545219421387e+00
9.002552552552551788e+03 1.017740845680236816e+00
9.002852852852853175e+03 1.018399953842163086e+00
9.003153153153152743e+03 1.020158290863037109e+00
9.003453453453454131e+03 1.024663209915161133e+00
9.003753753753753699e+03 1.031778693199157715e+00
9.004054054054053267e+03 1.039378762245178223e+00
9.004354354354354655e+03 1.045446872711181641e+00
9.004654654654654223e+03 1.048405170440673828e+00
9.004954954954955610e+03 1.049089670181274414e+00
9.005255255255255179e+03 1.049797534942626953e+00
9.005555555555554747e+03 1.051733255386352539e+00
9.005855855855856134e+03 1.055424690246582031e+00
9.006156156156155703e+03 1.060227751731872559e+00
9.006456456456457090e+03 1.064137935638427734e+00
9.006756756756756658e+03 1.065984964370727539e+00
9.007057057057056227e+03 1.064679145812988281e+00
9.007357357357357614e+03 1.060642004013061523e+00
9.007657657657657182e+03 1.056071996688842773e+00
9.007957957957958570e+03 1.051242113113403320e+00
9.008258258258258138e+03 1.046113491058349609e+00
9.008558558558557706e+03 1.041717886924743652e+00
9.008858858858859094e+03 1.038280129432678223e+00
9.009159159159158662e+03 1.035933494567871094e+00
9.009459459459460049e+03 1.034998536109924316e+00
9.009759759759759618e+03 1.035870313644409180e+00
