8.950000000000000000e+03 4.788564145565032959e-02
8.950300300300299568e+03 5.045022442936897278e-02
8.950600600600600956e+03 5.326467752456665039e-02
8.950900900900900524e+03 5.636668205261230469e-02
8.951201201201201911e+03 5.980100110173225403e-02
8.951501501501501480e+03 6.362304836511611938e-02
8.951801801801801048e+03 6.789790093898773193e-02
8.952102102102102435e+03 7.270665466785430908e-02
8.952402402402402004e+03 7.814755290746688843e-02
8.952702702702703391e+03 8.434168994426727295e-02
8.953003003003002959e+03 9.143986552953720093e-02
8.953303303303302528e+03 9.963635355234146118e-02
8.953603603603603915e+03 1.092004179954528809e-01
8.953903903903903483e+03 1.205160915851593018e-01
8.954204204204204871e+03 1.340541541576385498e-01
8.954504504504504439e+03 1.503392904996871948e-01
8.954804804804804007e+03 1.702172905206680298e-01
8.955105105105105395e+03 1.950864493846893311e-01
8.955405405405404963e+03 2.268202006816864014e-01
8.955705705705706350e+03 2.673914134502410889e-01
8.956006006006005919e+03 3.181400001049041748e-01
8.956306306306305487e+03 3.820873200893402100e-01
8.956606606606606874e+03 4.670765995979309082e-01
8.956906906906906443e+03 5.846326351165771484e-01
8.957207207207207830e+03 7.476996183395385742e-01
8.957507507507507398e+03 9.685088396072387695e-01
8.957807807807806967e+03 1.249833345413208008e+00
8.958108108108108354e+03 1.566370487213134766e+00
8.958408408408407922e+03 1.853123307228088379e+00
8.958708708708709310e+03 2.041453838348388672e+00
8.959009009009008878e+03 2.107583522796630859e+00
8.959309309309308446e+03 2.071856975555419922e+00
8.959609609609609834e+03 1.974799275398254395e+00
8.959909909909909402e+03 1.853508234024047852e+00
8.960210210210210789e+03 1.730587959289550781e+00
8.960510510510510358e+03 1.617091894149780273e+00
8.960810810810809926e+03 1.517785429954528809e+00
8.961111111111111313e+03 1.434009313583374023e+00
8.961411411411410882e+03 1.363447785377502441e+00
8.961711711711712269e+03 1.302521347999572754e+00
8.962012012012011837e+03 1.249035716056823730e+00
8.962312312312311406e+03 1.201861143112182617e+00
8.962612612612612793e+03 1.160382986068725586e+00
8.962912912912912361e+03 1.124721288681030273e+00
8.963213213213213749e+03 1.095446705818176270e+00
8.963513513513513317e+03 1.072951316833496094e+00
8.963813813813814704e+03 1.057289838790893555e+00
8.964114114114114273e+03 1.047771334648132324e+00
8.964414414414413841e+03 1.042887210845947266e+00
8.964714714714715228e+03 1.040587186813354492e+00
8.965015015015014797e+03 1.039343118667602539e+00
8.965315315315316184e+03 1.038776636123657227e+00
8.965615615615615752e+03 1.038689613342285156e+00
8.965915915915915321e+03 1.038525938987731934e+00
8.966216216216216708e+03 1.037884831428527832e+00
8.966516516516516276e+03 1.036346435546875000e+00
8.966816816816817663e+03 1.033560991287231445e+00
8.967117117117117232e+03 1.029839515686035156e+00
8.967417417417416800e+03 1.025543808937072754e+00
8.967717717717718187e+03 1.020794630050659180e+00
8.968018018018017756e+03 1.015709519386291504e+00
8.968318318318319143e+03 1.010387420654296875e+00
8.968618618618618711e+03 1.004819393157958984e+00
8.968918918918918280e+03 9.989440441131591797e-01
8.969219219219219667e+03 9.925391077995300293e-01
8.969519519519519235e+03 9.857087731361389160e-01
8.969819819819820623e+03 9.790443778038024902e-01
8.970120120120120191e+03 9.728189110755920410e-01
8.970420420420419759e+03 9.666255116462707520e-01
8.970720720720721147e+03 9.601478576660156250e-01
8.971021021021020715e+03 9.537410736083984375e-01
8.971321321321322102e+03 9.482190608978271484e-01
8.971621621621621671e+03 9.443314671516418457e-01
8.971921921921921239e+03 9.423503875732421875e-01
8.972222222222222626e+03 9.424120187759399414e-01
8.972522522522522195e+03 9.444848299026489258e-01
8.972822822822823582e+03 9.481148719787597656e-01
8.973123123123123150e+03 9.526125788688659668e-01
8.973423423423422719e+03 9.573019742965698242e-01
8.973723723723724106e+03 9.619690775871276855e-01
8.974024024024023674e+03 9.669373035430908203e-01
8.974324324324325062e+03 9.722486734390258789e-01
8.974624624624624630e+03 9.774137139320373535e-01
8.974924924924924198e+03 9.823358058929443359e-01
8.975225225225225586e+03 9.870773553848266602e-01
8.975525525525525154e+03 9.914964437484741211e-01
8.975825825825826541e+03 9.957368373870849609e-01
8.976126126126126110e+03 9.999885559082031250e-01
8.976426426426425678e+03 1.004161477088928223e+00
8.976726726726727065e+03 1.008211016654968262e+00
8.977027027027026634e+03 1.012230038642883301e+00
8.977327327327328021e+03 1.016393661499023438e+00
8.977627627627627589e+03 1.020944356918334961e+00
8.977927927927927158e+03 1.025842666625976562e+00
8.978228228228228545e+03 1.030640602111816406e+00
8.978528528528528113e+03 1.034901618957519531e+00
8.978828828828829501e+03 1.038553476333618164e+00
8.979129129129129069e+03 1.041586399078369141e+00
8.979429429429428637e+03 1.043964624404907227e+00
8.979729729729730025e+03 1.045876860618591309e+00
8.980030030030029593e+03 1.047568559646606445e+00
8.980330330330330980e+03 1.048983812332153320e+00
8.980630630630630549e+03 1.049782276153564453e+00
8.980930930930930117e+03 1.049514412879943848e+00
8.981231231231231504e+03 1.048118829727172852e+00
8.981531531531531073e+03 1.045847535133361816e+00
8.981831831831832460e+03 1.042682647705078125e+00
8.982132132132132028e+03 1.038491964340209961e+00
8.982432432432431597e+03 1.033440351486206055e+00
8.982732732732732984e+03 1.027790188789367676e+00
8.983033033033032552e+03 1.021593809127807617e+00
8.983333333333333940e+03 1.014805793762207031e+00
8.983633633633633508e+03 1.007450342178344727e+00
8.983933933933933076e+03 9.995684027671813965e-01
8.984234234234234464e+03 9.910701513290405273e-01
8.984534534534534032e+03 9.818106889724731445e-01
8.984834834834835419e+03 9.717833995819091797e-01
8.985135135135134988e+03 9.611973762512207031e-01
8.985435435435434556e+03 9.505810737609863281e-01
8.985735735735735943e+03 9.403960108757019043e-01
8.986036036036035512e+03 9.306116104125976562e-01
8.986336336336336899e+03 9.210994243621826172e-01
8.986636636636636467e+03 9.118313789367675781e-01
8.986936936936937855e+03 9.027243256568908691e-01
8.987237237237237423e+03 8.936985135078430176e-01
8.987537537537536991e+03 8.846840262413024902e-01
8.987837837837838379e+03 8.756339550018310547e-01
8.988138138138137947e+03 8.666457533836364746e-01
8.988438438438439334e+03 8.579546213150024414e-01
8.988738738738738903e+03 8.497757911682128906e-01
8.989039039039038471e+03 8.422077894210815430e-01
8.989339339339339858e+03 8.352453112602233887e-01
8.989639639639639427e+03 8.289363384246826172e-01
8.989939939939940814e+03 8.233530521392822266e-01
8.990240240240240382e+03 8.183850646018981934e-01
8.990540540540539951e+03 8.138161897659301758e-01
8.990840840840841338e+03 8.094943761825561523e-01
8.991141141141140906e+03 8.053574562072753906e-01
8.991441441441442294e+03 8.015286922454833984e-01
8.991741741741741862e+03 7.982109189033508301e-01
8.992042042042041430e+03 7.953606247901916504e-01
8.992342342342342818e+03 7.929154038429260254e-01
8.992642642642642386e+03 7.909879088401794434e-01
8.992942942942943773e+03 7.896708846092224121e-01
8.993243243243243342e+03 7.889965176582336426e-01
8.993543543543542910e+03 7.889213562011718750e-01
8.993843843843844297e+03 7.893640995025634766e-01
8.994144144144143866e+03 7.902881503105163574e-01
8.994444444444445253e+03 7.915946245193481445e-01
8.994744744744744821e+03 7.931686639785766602e-01
8.995045045045044390e+03 7.950219511985778809e-01
8.995345345345345777e+03 7.973486781120300293e-01
8.995645645645645345e+03 8.003708720207214355e-01
8.995945945945946733e+03 8.040434122085571289e-01
8.996246246246246301e+03 8.080981373786926270e-01
8.996546546546545869e+03 8.123676776885986328e-01
8.996846846846847257e+03 8.168708086013793945e-01
8.997147147147146825e+03 8.216383457183837891e-01
8.997447447447448212e+03 8.266187906265258789e-01
8.997747747747747781e+03 8.317219018936157227e-01
8.998048048048047349e+03 8.369126319885253906e-01
8.998348348348348736e+03 8.421581387519836426e-01
8.998648648648648305e+03 8.472883105278015137e-01
8.998948948948949692e+03 8.521950244903564453e-01
8.999249249249249260e+03 8.569649457931518555e-01
8.999549549549548829e+03 8.617797493934631348e-01
8.999849849849850216e+03 8.668444752693176270e-01
9.000150150150149784e+03 8.722382783889770508e-01
9.000450450450451171e+03 8.776770830154418945e-01
9.000750750750750740e+03 8.830034136772155762e-01
9.001051051051050308e+03 8.884193897247314453e-01
9.001351351351351695e+03 8.940564393997192383e-01
9.001651651651651264e+03 8.999236822128295898e-01
9.001951951951952651e+03 9.059320688247680664e-01
9.002252252252252219e+03 9.119960069656372070e-01
9.002552552552551788e+03 9.179809093475341797e-01
9.002852852852853175e+03 9.237623214721679688e-01
9.003153153153152743e+03 9.295451641082763672e-01
9.003453453453454131e+03 9.355077743530273438e-01
9.003753753753753699e+03 9.415481686592102051e-01
9.004054054054053267e+03 9.474728703498840332e-01
9.004354354354354655e+03 9.532617330551147461e-01
9.004654654654654223e+03 9.591985940933227539e-01
9.004954954954955610e+03 9.653261899948120117e-01
9.005255255255255179e+03 9.713795185089111328e-01
9.005555555555554747e+03 9.772497415542602539e-01
9.005855855855856134e+03 9.829843044281005859e-01
9.006156156156155703e+03 9.885102510452270508e-01
9.006456456456457090e+03 9.937511682510375977e-01
9.006756756756756658e+03 9.987998008728027344e-01
9.007057057057056227e+03 1.003533124923706055e+00
9.007357357357357614e+03 1.007667183876037598e+00
9.007657657657657182e+03 1.011282444000244141e+00
9.007957957957958570e+03 1.014707684516906738e+00
9.008258258258258138e+03 1.018100619316101074e+00
9.008558558558557706e+03 1.021465659141540527e+00
9.008858858858859094e+03 1.024781703948974609e+00
9.009159159159158662e+03 1.028094291687011719e+00
9.009459459459460049e+03 1.031492948532104492e+00
9.009759759759759618e+03 1.034913539886474609e+00
