8.950000000000000000e+03 4.446518793702125549e-02
8.950300300300299568e+03 4.656496271491050720e-02
8.950600600600600956e+03 4.883900657296180725e-02
8.950900900900900524e+03 5.130707845091819763e-02
8.951201201201201911e+03 5.399286001920700073e-02
8.951501501501501480e+03 5.692226067185401917e-02
8.951801801801801048e+03 6.012930721044540405e-02
8.952102102102102435e+03 6.365355104207992554e-02
8.952402402402402004e+03 6.754662096500396729e-02
8.952702702702703391e+03 7.187581062316894531e-02
8.953003003003002959e+03 7.673022896051406860e-02
8.953303303303302528e+03 8.222226053476333618e-02
8.953603603603603915e+03 8.847689628601074219e-02
8.953903903903903483e+03 9.563507139682769775e-02
8.954204204204204871e+03 1.039988771080970764e-01
8.954504504504504439e+03 1.141872331500053406e-01
8.954804804804804007e+03 1.268940567970275879e-01
8.955105105105105395e+03 1.428312212228775024e-01
8.955405405405404963e+03 1.628128290176391602e-01
8.955705705705706350e+03 1.866731792688369751e-01
8.956006006006005919e+03 2.123521715402603149e-01
8.956306306306305487e+03 2.392929941415786743e-01
8.956606606606606874e+03 2.722652852535247803e-01
8.956906906906906443e+03 3.161083459854125977e-01
8.957207207207207830e+03 3.739811778068542480e-01
8.957507507507507398e+03 4.485226273536682129e-01
8.957807807807806967e+03 5.422326922416687012e-01
8.958108108108108354e+03 6.572168469429016113e-01
8.958408408408407922e+03 7.941691875457763672e-01
8.958708708708709310e+03 9.493715763092041016e-01
8.959009009009008878e+03 1.117049217224121094e+00
8.959309309309308446e+03 1.291596531867980957e+00
8.959609609609609834e+03 1.463494658470153809e+00
8.959909909909909402e+03 1.624701499938964844e+00
8.960210210210210789e+03 1.773431539535522461e+00
8.960510510510510358e+03 1.910812735557556152e+00
8.960810810810809926e+03 2.037155866622924805e+00
8.961111111111111313e+03 2.152440547943115234e+00
8.961411411411410882e+03 2.257572174072265625e+00
8.961711711711712269e+03 2.350450277328491211e+00
8.962012012012011837e+03 2.424651861190795898e+00
8.962312312312311406e+03 2.474241495132446289e+00
8.962612612612612793e+03 2.495227575302124023e+00
8.962912912912912361e+03 2.483779191970825195e+00
8.963213213213213749e+03 2.438707828521728516e+00
8.963513513513513317e+03 2.362603187561035156e+00
8.963813813813814704e+03 2.259465456008911133e+00
8.964114114114114273e+03 2.135231256484985352e+00
8.964414414414413841e+03 1.998204350471496582e+00
8.964714714714715228e+03 1.857072830200195312e+00
8.965015015015014797e+03 1.718555688858032227e+00
8.965315315315316184e+03 1.586807370185852051e+00
8.965615615615615752e+03 1.464722156524658203e+00
8.965915915915915321e+03 1.355167031288146973e+00
8.966216216216216708e+03 1.259872198104858398e+00
8.966516516516516276e+03 1.179316282272338867e+00
8.966816816816817663e+03 1.113201379776000977e+00
8.967117117117117232e+03 1.059956073760986328e+00
8.967417417417416800e+03 1.017820358276367188e+00
8.967717717717718187e+03 9.849115610122680664e-01
8.968018018018017756e+03 9.590579271316528320e-01
8.968318318318319143e+03 9.384098052978515625e-01
8.968618618618618711e+03 9.219152331352233887e-01
8.968918918918918280e+03 9.088910222053527832e-01
8.969219219219219667e+03 8.985958099365234375e-01
8.969519519519519235e+03 8.899152278900146484e-01
8.969819819819820623e+03 8.818572163581848145e-01
8.970120120120120191e+03 8.746064305305480957e-01
8.970420420420419759e+03 8.694228529930114746e-01
8.970720720720721147e+03 8.673624992370605469e-01
8.971021021021020715e+03 8.681405186653137207e-01
8.971321321321322102e+03 8.705061674118041992e-01
8.971621621621621671e+03 8.732547163963317871e-01
8.971921921921921239e+03 8.758063912391662598e-01
8.972222222222222626e+03 8.778901696205139160e-01
8.972522522522522195e+03 8.792064785957336426e-01
8.972822822822823582e+03 8.795659542083740234e-01
8.973123123123123150e+03 8.790928125381469727e-01
8.973423423423422719e+03 8.783946037292480469e-01
8.973723723723724106e+03 8.776451945304870605e-01
8.974024024024023674e+03 8.763853907585144043e-01
8.974324324324325062e+03 8.746498823165893555e-01
8.974624624624624630e+03 8.730058073997497559e-01
8.974924924924924198e+03 8.716512918472290039e-01
8.975225225225225586e+03 8.705267310142517090e-01
8.975525525525525154e+03 8.697955608367919922e-01
8.975825825825826541e+03 8.691612482070922852e-01
8.976126126126126110e+03 8.680402040481567383e-01
8.976426426426425678e+03 8.661639094352722168e-01
8.976726726726727065e+03 8.632609844207763672e-01
8.977027027027026634e+03 8.592611551284790039e-01
8.977327327327328021e+03 8.544711470603942871e-01
8.977627627627627589e+03 8.488017916679382324e-01
8.977927927927927158e+03 8.421649336814880371e-01
8.978228228228228545e+03 8.350889682769775391e-01
8.978528528528528113e+03 8.281390070915222168e-01
8.978828828828829501e+03 8.213504552841186523e-01
8.979129129129129069e+03 8.146671056747436523e-01
8.979429429429428637e+03 8.079460859298706055e-01
8.979729729729730025e+03 8.006784915924072266e-01
8.980030030030029593e+03 7.924531698226928711e-01
8.980330330330330980e+03 7.833160758018493652e-01
8.980630630630630549e+03 7.735944390296936035e-01
8.980930930930930117e+03 7.637757062911987305e-01
8.981231231231231504e+03 7.539550662040710449e-01
8.981531531531531073e+03 7.439462542533874512e-01
8.981831831831832460e+03 7.340430021286010742e-01
8.982132132132132028e+03 7.248609662055969238e-01
8.982432432432431597e+03 7.167746424674987793e-01
8.982732732732732984e+03 7.098125219345092773e-01
8.983033033033032552e+03 7.037770152091979980e-01
8.983333333333333940e+03 6.982114315032958984e-01
8.983633633633633508e+03 6.927587389945983887e-01
8.983933933933933076e+03 6.875144243240356445e-01
8.984234234234234464e+03 6.826357245445251465e-01
8.984534534534534032e+03 6.782932877540588379e-01
8.984834834834835419e+03 6.746866703033447266e-01
8.985135135135134988e+03 6.717114448547363281e-01
8.985435435435434556e+03 6.690684556961059570e-01
8.985735735735735943e+03 6.666510105133056641e-01
8.986036036036035512e+03 6.647018790245056152e-01
8.986336336336336899e+03 6.634785532951354980e-01
8.986636636636636467e+03 6.631063222885131836e-01
8.986936936936937855e+03 6.637198925018310547e-01
8.987237237237237423e+03 6.655814051628112793e-01
8.987537537537536991e+03 6.688266396522521973e-01
8.987837837837838379e+03 6.733722686767578125e-01
8.988138138138137947e+03 6.791908144950866699e-01
8.988438438438439334e+03 6.861220002174377441e-01
8.988738738738738903e+03 6.937338113784790039e-01
8.989039039039038471e+03 7.020037174224853516e-01
8.989339339339339858e+03 7.112264633178710938e-01
8.989639639639639427e+03 7.214075922966003418e-01
8.989939939939940814e+03 7.324382066726684570e-01
8.990240240240240382e+03 7.444259524345397949e-01
8.990540540540539951e+03 7.574420571327209473e-01
8.990840840840841338e+03 7.713353037834167480e-01
8.991141141141140906e+03 7.861349582672119141e-01
8.991441441441442294e+03 8.018943071365356445e-01
8.991741741741741862e+03 8.182011842727661133e-01
8.992042042042041430e+03 8.345393538475036621e-01
8.992342342342342818e+03 8.505513668060302734e-01
8.992642642642642386e+03 8.661033511161804199e-01
8.992942942942943773e+03 8.813698887825012207e-01
8.993243243243243342e+03 8.967449665069580078e-01
8.993543543543542910e+03 9.125423431396484375e-01
8.993843843843844297e+03 9.286620616912841797e-01
8.994144144144143866e+03 9.447110891342163086e-01
8.994444444444445253e+03 9.604536294937133789e-01
8.994744744744744821e+03 9.758033752441406250e-01
8.995045045045044390e+03 9.906430840492248535e-01
8.995345345345345777e+03 1.004668712615966797e+00
8.995645645645645345e+03 1.017587661743164062e+00
8.995945945945946733e+03 1.029669761657714844e+00
8.996246246246246301e+03 1.041333198547363281e+00
8.996546546546545869e+03 1.052615880966186523e+00
8.996846846846847257e+03 1.063184142112731934e+00
8.997147147147146825e+03 1.072510361671447754e+00
8.997447447447448212e+03 1.080221652984619141e+00
8.997747747747747781e+03 1.086414933204650879e+00
8.998048048048047349e+03 1.091654777526855469e+00
8.998348348348348736e+03 1.096809744834899902e+00
8.998648648648648305e+03 1.102748751640319824e+00
8.998948948948949692e+03 1.109482645988464355e+00
8.999249249249249260e+03 1.116443991661071777e+00
8.999549549549548829e+03 1.122882366180419922e+00
8.999849849849850216e+03 1.128188729286193848e+00
9.000150150150149784e+03 1.132331252098083496e+00
9.000450450450451171e+03 1.136049628257751465e+00
9.000750750750750740e+03 1.139867901802062988e+00
9.001051051051050308e+03 1.143435955047607422e+00
9.001351351351351695e+03 1.146172285079956055e+00
9.001651651651651264e+03 1.147810697555541992e+00
9.001951951951952651e+03 1.148704886436462402e+00
9.002252252252252219e+03 1.149245619773864746e+00
9.002552552552551788e+03 1.149907708168029785e+00
9.002852852852853175e+03 1.150695443153381348e+00
9.003153153153152743e+03 1.150610446929931641e+00
9.003453453453454131e+03 1.149186730384826660e+00
9.003753753753753699e+03 1.147065877914428711e+00
9.004054054054053267e+03 1.144973158836364746e+00
9.004354354354354655e+03 1.142944931983947754e+00
9.004654654654654223e+03 1.140520811080932617e+00
9.004954954954955610e+03 1.137784838676452637e+00
9.005255255255255179e+03 1.135342836380004883e+00
9.005555555555554747e+03 1.133391618728637695e+00
9.005855855855856134e+03 1.131432294845581055e+00
9.006156156156155703e+03 1.129061818122863770e+00
9.006456456456457090e+03 1.126415371894836426e+00
9.006756756756756658e+03 1.123512506484985352e+00
9.007057057057056227e+03 1.120556950569152832e+00
9.007357357357357614e+03 1.118150353431701660e+00
9.007657657657657182e+03 1.116446852684020996e+00
9.007957957957958570e+03 1.115096807479858398e+00
9.008258258258258138e+03 1.113886713981628418e+00
9.008558558558557706e+03 1.112562179565429688e+00
9.008858858858859094e+03 1.110730648040771484e+00
9.009159159159158662e+03 1.108107328414916992e+00
9.009459459459460049e+03 1.104661107063293457e+00
9.009759759759759618e+03 1.100646138191223145e+00
