8.950000000000000000e+03 4.532252624630928040e-02
8.950300300300299568e+03 4.753052070736885071e-02
8.950600600600600956e+03 4.992971569299697876e-02
8.950900900900900524e+03 5.254494771361351013e-02
8.951201201201201911e+03 5.540549755096435547e-02
8.951501501501501480e+03 5.854620784521102905e-02
8.951801801801801048e+03 6.200885400176048279e-02
8.952102102102102435e+03 6.584402173757553101e-02
8.952402402402402004e+03 7.011367380619049072e-02
8.952702702702703391e+03 7.489465922117233276e-02
8.953003003003002959e+03 8.028374612331390381e-02
8.953303303303302528e+03 8.640498667955398560e-02
8.953603603603603915e+03 9.342078864574432373e-02
8.953903903903903483e+03 1.015491113066673279e-01
8.954204204204204871e+03 1.110908314585685730e-01
8.954504504504504439e+03 1.224730312824249268e-01
8.954804804804804007e+03 1.363108307123184204e-01
8.955105105105105395e+03 1.534540951251983643e-01
8.955405405405404963e+03 1.748138666152954102e-01
8.955705705705706350e+03 2.004554271697998047e-01
8.956006006006005919e+03 2.288176864385604858e-01
8.956306306306305487e+03 2.603843808174133301e-01
8.956606606606606874e+03 3.005656003952026367e-01
8.956906906906906443e+03 3.550606966018676758e-01
8.957207207207207830e+03 4.292568266391754150e-01
8.957507507507507398e+03 5.310326814651489258e-01
8.957807807807806967e+03 6.699792742729187012e-01
8.958108108108108354e+03 8.505348563194274902e-01
8.958408408408407922e+03 1.060844421386718750e+00
8.958708708708709310e+03 1.272641658782958984e+00
8.959009009009008878e+03 1.462079405784606934e+00
8.959309309309308446e+03 1.614010572433471680e+00
8.959609609609609834e+03 1.717604875564575195e+00
8.959909909909909402e+03 1.777035951614379883e+00
8.960210210210210789e+03 1.811654925346374512e+00
8.960510510510510358e+03 1.836649775505065918e+00
8.960810810810809926e+03 1.865779161453247070e+00
8.961111111111111313e+03 1.920668482780456543e+00
8.961411411411410882e+03 2.006914615631103516e+00
8.961711711711712269e+03 2.098187446594238281e+00
8.962012012012011837e+03 2.165371894836425781e+00
8.962312312312311406e+03 2.201062440872192383e+00
8.962612612612612793e+03 2.196418285369873047e+00
8.962912912912912361e+03 2.147373437881469727e+00
8.963213213213213749e+03 2.073745727539062500e+00
8.963513513513513317e+03 1.986076354980468750e+00
8.963813813813814704e+03 1.876778602600097656e+00
8.964114114114114273e+03 1.756546854972839355e+00
8.964414414414413841e+03 1.648728609085083008e+00
8.964714714714715228e+03 1.557020425796508789e+00
8.965015015015014797e+03 1.474511861801147461e+00
8.965315315315316184e+03 1.400379300117492676e+00
8.965615615615615752e+03 1.335954904556274414e+00
8.965915915915915321e+03 1.280736207962036133e+00
8.966216216216216708e+03 1.232471942901611328e+00
8.966516516516516276e+03 1.189886927604675293e+00
8.966816816816817663e+03 1.150285840034484863e+00
8.967117117117117232e+03 1.110862374305725098e+00
8.967417417417416800e+03 1.072735667228698730e+00
8.967717717717718187e+03 1.038174510002136230e+00
8.968018018018017756e+03 1.010162115097045898e+00
8.968318318318319143e+03 9.911770224571228027e-01
8.968618618618618711e+03 9.784922599792480469e-01
8.968918918918918280e+03 9.672111868858337402e-01
8.969219219219219667e+03 9.546266198158264160e-01
8.969519519519519235e+03 9.413660168647766113e-01
8.969819819819820623e+03 9.300882816314697266e-01
8.970120120120120191e+03 9.229709506034851074e-01
8.970420420420419759e+03 9.210098385810852051e-01
8.970720720720721147e+03 9.222747087478637695e-01
8.971021021021020715e+03 9.223597049713134766e-01
8.971321321321322102e+03 9.195914864540100098e-01
8.971621621621621671e+03 9.154989123344421387e-01
8.971921921921921239e+03 9.119974970817565918e-01
8.972222222222222626e+03 9.112181067466735840e-01
8.972522522522522195e+03 9.131374359130859375e-01
8.972822822822823582e+03 9.160916805267333984e-01
8.973123123123123150e+03 9.184062480926513672e-01
8.973423423423422719e+03 9.193148612976074219e-01
8.973723723723724106e+03 9.186479449272155762e-01
8.974024024024023674e+03 9.161174893379211426e-01
8.974324324324325062e+03 9.131208062171936035e-01
8.974624624624624630e+03 9.107210636138916016e-01
8.974924924924924198e+03 9.085059165954589844e-01
8.975225225225225586e+03 9.053826332092285156e-01
8.975525525525525154e+03 8.995129466056823730e-01
8.975825825825826541e+03 8.905323743820190430e-01
8.976126126126126110e+03 8.798192739486694336e-01
8.976426426426425678e+03 8.692954182624816895e-01
8.976726726726727065e+03 8.590780496597290039e-01
8.977027027027026634e+03 8.482067584991455078e-01
8.977327327327328021e+03 8.381991982460021973e-01
8.977627627627627589e+03 8.308324217796325684e-01
8.977927927927927158e+03 8.268274068832397461e-01
8.978228228228228545e+03 8.250261545181274414e-01
8.978528528528528113e+03 8.230119943618774414e-01
8.978828828828829501e+03 8.200913667678833008e-01
8.979129129129129069e+03 8.153235316276550293e-01
8.979429429429428637e+03 8.076135516166687012e-01
8.979729729729730025e+03 7.978360652923583984e-01
8.980030030030029593e+03 7.868743538856506348e-01
8.980330330330330980e+03 7.755253314971923828e-01
8.980630630630630549e+03 7.650028467178344727e-01
8.980930930930930117e+03 7.551909685134887695e-01
8.981231231231231504e+03 7.466937899589538574e-01
8.981531531531531073e+03 7.415770292282104492e-01
8.981831831831832460e+03 7.405059337615966797e-01
8.982132132132132028e+03 7.414268255233764648e-01
8.982432432432431597e+03 7.408055067062377930e-01
8.982732732732732984e+03 7.368816137313842773e-01
8.983033033033032552e+03 7.319105267524719238e-01
8.983333333333333940e+03 7.284743785858154297e-01
8.983633633633633508e+03 7.272360324859619141e-01
8.983933933933933076e+03 7.281982302665710449e-01
8.984234234234234464e+03 7.305521965026855469e-01
8.984534534534534032e+03 7.330297827720642090e-01
8.984834834834835419e+03 7.352436184883117676e-01
8.985135135135134988e+03 7.365866899490356445e-01
8.985435435435434556e+03 7.369435429573059082e-01
8.985735735735735943e+03 7.389079332351684570e-01
8.986036036036035512e+03 7.445974946022033691e-01
8.986336336336336899e+03 7.526590824127197266e-01
8.986636636636636467e+03 7.618070244789123535e-01
8.986936936936937855e+03 7.728068232536315918e-01
8.987237237237237423e+03 7.848520874977111816e-01
8.987537537537536991e+03 7.960832118988037109e-01
8.987837837837838379e+03 8.054205775260925293e-01
8.988138138138137947e+03 8.128948211669921875e-01
8.988438438438439334e+03 8.192180991172790527e-01
8.988738738738738903e+03 8.235647082328796387e-01
8.989039039039038471e+03 8.255434632301330566e-01
8.989339339339339858e+03 8.263268470764160156e-01
8.989639639639639427e+03 8.279166817665100098e-01
8.989939939939940814e+03 8.318120241165161133e-01
8.990240240240240382e+03 8.387504220008850098e-01
8.990540540540539951e+03 8.485366702079772949e-01
8.990840840840841338e+03 8.595270514488220215e-01
8.991141141141140906e+03 8.695713281631469727e-01
8.991441441441442294e+03 8.775808215141296387e-01
8.991741741741741862e+03 8.841567039489746094e-01
8.992042042042041430e+03 8.922100067138671875e-01
8.992342342342342818e+03 9.040521383285522461e-01
8.992642642642642386e+03 9.180081486701965332e-01
8.992942942942943773e+03 9.311323165893554688e-01
8.993243243243243342e+03 9.422978758811950684e-01
8.993543543543542910e+03 9.512627124786376953e-01
8.993843843843844297e+03 9.581452608108520508e-01
8.994144144144143866e+03 9.635317325592041016e-01
8.994444444444445253e+03 9.688093066215515137e-01
8.994744744744744821e+03 9.754441976547241211e-01
8.995045045045044390e+03 9.838891625404357910e-01
8.995345345345345777e+03 9.941930174827575684e-01
8.995645645645645345e+03 1.005943536758422852e+00
8.995945945945946733e+03 1.018323540687561035e+00
8.996246246246246301e+03 1.030758857727050781e+00
8.996546546546545869e+03 1.042628169059753418e+00
8.996846846846847257e+03 1.053390383720397949e+00
8.997147147147146825e+03 1.063525199890136719e+00
8.997447447447448212e+03 1.073077082633972168e+00
8.997747747747747781e+03 1.078820943832397461e+00
8.998048048048047349e+03 1.078252911567687988e+00
8.998348348348348736e+03 1.073829054832458496e+00
8.998648648648648305e+03 1.070390462875366211e+00
8.998948948948949692e+03 1.070268273353576660e+00
8.999249249249249260e+03 1.072788596153259277e+00
8.999549549549548829e+03 1.076978445053100586e+00
8.999849849849850216e+03 1.082598328590393066e+00
9.000150150150149784e+03 1.089147090911865234e+00
9.000450450450451171e+03 1.094305634498596191e+00
9.000750750750750740e+03 1.096022009849548340e+00
9.001051051051050308e+03 1.095193266868591309e+00
9.001351351351351695e+03 1.093512296676635742e+00
9.001651651651651264e+03 1.092712879180908203e+00
9.001951951951952651e+03 1.093139529228210449e+00
9.002252252252252219e+03 1.094336152076721191e+00
9.002552552552551788e+03 1.096227407455444336e+00
9.002852852852853175e+03 1.097170710563659668e+00
9.003153153153152743e+03 1.094614863395690918e+00
9.003453453453454131e+03 1.090070247650146484e+00
9.003753753753753699e+03 1.088182330131530762e+00
9.004054054054053267e+03 1.089387178421020508e+00
9.004354354354354655e+03 1.091471672058105469e+00
9.004654654654654223e+03 1.092815756797790527e+00
9.004954954954955610e+03 1.091752886772155762e+00
9.005255255255255179e+03 1.088434815406799316e+00
9.005555555555554747e+03 1.085647225379943848e+00
9.005855855855856134e+03 1.084852933883666992e+00
9.006156156156155703e+03 1.084482908248901367e+00
9.006456456456457090e+03 1.084141016006469727e+00
9.006756756756756658e+03 1.084643244743347168e+00
9.007057057057056227e+03 1.084629535675048828e+00
9.007357357357357614e+03 1.082479357719421387e+00
9.007657657657657182e+03 1.077883243560791016e+00
9.007957957957958570e+03 1.072964310646057129e+00
9.008258258258258138e+03 1.069260954856872559e+00
9.008558558558557706e+03 1.066215872764587402e+00
9.008858858858859094e+03 1.063729166984558105e+00
9.009159159159158662e+03 1.060777783393859863e+00
9.009459459459460049e+03 1.054364800453186035e+00
9.009759759759759618e+03 1.043292999267578125e+00
