8.950000000000000000e+03 4.557356983423233032e-02
8.950300300300299568e+03 4.790483787655830383e-02
8.950600600600600956e+03 5.045096203684806824e-02
8.950900900900900524e+03 5.324156209826469421e-02
8.951201201201201911e+03 5.631180107593536377e-02
8.951501501501501480e+03 5.970376729965209961e-02
8.951801801801801048e+03 6.346822530031204224e-02
8.952102102102102435e+03 6.766694784164428711e-02
8.952402402402402004e+03 7.237583398818969727e-02
8.952702702702703391e+03 7.768915593624114990e-02
8.953003003003002959e+03 8.372541517019271851e-02
8.953303303303302528e+03 9.063562750816345215e-02
8.953603603603603915e+03 9.861523658037185669e-02
8.953903903903903483e+03 1.079216152429580688e-01
8.954204204204204871e+03 1.189005672931671143e-01
8.954504504504504439e+03 1.320272386074066162e-01
8.954804804804804007e+03 1.479696631431579590e-01
8.955105105105105395e+03 1.676834672689437866e-01
8.955405405405404963e+03 1.925243139266967773e-01
8.955705705705706350e+03 2.242640703916549683e-01
8.956006006006005919e+03 2.648599147796630859e-01
8.956306306306305487e+03 3.170420825481414795e-01
8.956606606606606874e+03 3.870746493339538574e-01
8.956906906906906443e+03 4.847715497016906738e-01
8.957207207207207830e+03 6.204863190650939941e-01
8.957507507507507398e+03 8.030236959457397461e-01
8.957807807807806967e+03 1.027090787887573242e+00
8.958108108108108354e+03 1.254847168922424316e+00
8.958408408408407922e+03 1.437875866889953613e+00
8.958708708708709310e+03 1.573538064956665039e+00
8.959009009009008878e+03 1.679871201515197754e+00
8.959309309309308446e+03 1.748744130134582520e+00
8.959609609609609834e+03 1.781126976013183594e+00
8.959909909909909402e+03 1.789976477622985840e+00
8.960210210210210789e+03 1.773738622665405273e+00
8.960510510510510358e+03 1.729092717170715332e+00
8.960810810810809926e+03 1.660754323005676270e+00
8.961111111111111313e+03 1.587337017059326172e+00
8.961411411411410882e+03 1.523701906204223633e+00
8.961711711711712269e+03 1.472718954086303711e+00
8.962012012012011837e+03 1.428335905075073242e+00
8.962312312312311406e+03 1.379084587097167969e+00
8.962612612612612793e+03 1.322418689727783203e+00
8.962912912912912361e+03 1.272626280784606934e+00
8.963213213213213749e+03 1.242533802986145020e+00
8.963513513513513317e+03 1.228789925575256348e+00
8.963813813813814704e+03 1.219898939132690430e+00
8.964114114114114273e+03 1.213877081871032715e+00
8.964414414414413841e+03 1.213448286056518555e+00
8.964714714714715228e+03 1.214958786964416504e+00
8.965015015015014797e+03 1.214279770851135254e+00
8.965315315315316184e+03 1.208328485488891602e+00
8.965615615615615752e+03 1.196150898933410645e+00
8.965915915915915321e+03 1.182766079902648926e+00
8.966216216216216708e+03 1.175005793571472168e+00
8.966516516516516276e+03 1.174479961395263672e+00
8.966816816816817663e+03 1.176040053367614746e+00
8.967117117117117232e+03 1.175269484519958496e+00
8.967417417417416800e+03 1.174589753150939941e+00
8.967717717717718187e+03 1.176282644271850586e+00
8.968018018018017756e+03 1.173665404319763184e+00
8.968318318318319143e+03 1.160899162292480469e+00
8.968618618618618711e+03 1.144110918045043945e+00
8.968918918918918280e+03 1.131944060325622559e+00
8.969219219219219667e+03 1.122871994972229004e+00
8.969519519519519235e+03 1.110398054122924805e+00
8.969819819819820623e+03 1.094773411750793457e+00
8.970120120120120191e+03 1.082501292228698730e+00
8.970420420420419759e+03 1.078175425529479980e+00
8.970720720720721147e+03 1.078231930732727051e+00
8.971021021021020715e+03 1.074281454086303711e+00
8.971321321321322102e+03 1.061895728111267090e+00
8.971621621621621671e+03 1.043772339820861816e+00
8.971921921921921239e+03 1.024770259857177734e+00
8.972222222222222626e+03 1.010714173316955566e+00
8.972522522522522195e+03 1.004207491874694824e+00
8.972822822822823582e+03 1.001363754272460938e+00
8.973123123123123150e+03 9.970142841339111328e-01
8.973423423423422719e+03 9.914529919624328613e-01
8.973723723723724106e+03 9.888562560081481934e-01
8.974024024024023674e+03 9.889090061187744141e-01
8.974324324324325062e+03 9.883320331573486328e-01
8.974624624624624630e+03 9.872247576713562012e-01
8.974924924924924198e+03 9.877561926841735840e-01
8.975225225225225586e+03 9.892762303352355957e-01
8.975525525525525154e+03 9.895119667053222656e-01
8.975825825825826541e+03 9.882199168205261230e-01
8.976126126126126110e+03 9.852778911590576172e-01
8.976426426426425678e+03 9.805690646171569824e-01
8.976726726726727065e+03 9.755700230598449707e-01
8.977027027027026634e+03 9.712231159210205078e-01
8.977327327327328021e+03 9.663230776786804199e-01
8.977627627627627589e+03 9.610141515731811523e-01
8.977927927927927158e+03 9.565786123275756836e-01
8.978228228228228545e+03 9.520434141159057617e-01
8.978528528528528113e+03 9.451785683631896973e-01
8.978828828828829501e+03 9.368109107017517090e-01
8.979129129129129069e+03 9.312396049499511719e-01
8.979429429429428637e+03 9.320498704910278320e-01
8.979729729729730025e+03 9.396424293518066406e-01
8.980030030030029593e+03 9.508021473884582520e-01
8.980330330330330980e+03 9.604791998863220215e-01
8.980630630630630549e+03 9.657066464424133301e-01
8.980930930930930117e+03 9.664781689643859863e-01
8.981231231231231504e+03 9.630565047264099121e-01
8.981531531531531073e+03 9.576846957206726074e-01
8.981831831831832460e+03 9.537078142166137695e-01
8.982132132132132028e+03 9.514741301536560059e-01
8.982432432432431597e+03 9.492813944816589355e-01
8.982732732732732984e+03 9.462088942527770996e-01
8.983033033033032552e+03 9.423508644104003906e-01
8.983333333333333940e+03 9.366432428359985352e-01
8.983633633633633508e+03 9.271352887153625488e-01
8.983933933933933076e+03 9.137971401214599609e-01
8.984234234234234464e+03 9.000484943389892578e-01
8.984534534534534032e+03 8.877561092376708984e-01
8.984834834834835419e+03 8.752778172492980957e-01
8.985135135135134988e+03 8.615813851356506348e-01
8.985435435435434556e+03 8.486955761909484863e-01
8.985735735735735943e+03 8.386707305908203125e-01
8.986036036036035512e+03 8.316144347190856934e-01
8.986336336336336899e+03 8.272433280944824219e-01
8.986636636636636467e+03 8.243748545646667480e-01
8.986936936936937855e+03 8.214598894119262695e-01
8.987237237237237423e+03 8.181126117706298828e-01
8.987537537537536991e+03 8.150605559349060059e-01
8.987837837837838379e+03 8.133647441864013672e-01
8.988138138138137947e+03 8.124765753746032715e-01
8.988438438438439334e+03 8.104755878448486328e-01
8.988738738738738903e+03 8.059494495391845703e-01
8.989039039039038471e+03 8.009372949600219727e-01
8.989339339339339858e+03 7.990405559539794922e-01
8.989639639639639427e+03 8.012864589691162109e-01
8.989939939939940814e+03 8.068933486938476562e-01
8.990240240240240382e+03 8.144170045852661133e-01
8.990540540540539951e+03 8.217661976814270020e-01
8.990840840840841338e+03 8.266133666038513184e-01
8.991141141141140906e+03 8.286220431327819824e-01
8.991441441441442294e+03 8.299643397331237793e-01
8.991741741741741862e+03 8.323000073432922363e-01
8.992042042042041430e+03 8.358106613159179688e-01
8.992342342342342818e+03 8.391426801681518555e-01
8.992642642642642386e+03 8.410914540290832520e-01
8.992942942942943773e+03 8.413962721824645996e-01
8.993243243243243342e+03 8.399619460105895996e-01
8.993543543543542910e+03 8.370641469955444336e-01
8.993843843843844297e+03 8.318632841110229492e-01
8.994144144144143866e+03 8.238024115562438965e-01
8.994444444444445253e+03 8.147454261779785156e-01
8.994744744744744821e+03 8.074056506156921387e-01
8.995045045045044390e+03 8.036637306213378906e-01
8.995345345345345777e+03 8.033627271652221680e-01
8.995645645645645345e+03 8.049376606941223145e-01
8.995945945945946733e+03 8.072167634963989258e-01
8.996246246246246301e+03 8.102982044219970703e-01
8.996546546546545869e+03 8.145033121109008789e-01
8.996846846846847257e+03 8.200700283050537109e-01
8.997147147147146825e+03 8.270875811576843262e-01
8.997447447447448212e+03 8.348253369331359863e-01
8.997747747747747781e+03 8.421457409858703613e-01
8.998048048048047349e+03 8.479232192039489746e-01
8.998348348348348736e+03 8.512836098670959473e-01
8.998648648648648305e+03 8.533087968826293945e-01
8.998948948948949692e+03 8.577128648757934570e-01
8.999249249249249260e+03 8.655131459236145020e-01
8.999549549549548829e+03 8.743255138397216797e-01
8.999849849849850216e+03 8.829419016838073730e-01
9.000150150150149784e+03 8.922067880630493164e-01
9.000450450450451171e+03 9.016887545585632324e-01
9.000750750750750740e+03 9.107679724693298340e-01
9.001051051051050308e+03 9.199975728988647461e-01
9.001351351351351695e+03 9.287527799606323242e-01
9.001651651651651264e+03 9.355394840240478516e-01
9.001951951951952651e+03 9.406833648681640625e-01
9.002252252252252219e+03 9.457325339317321777e-01
9.002552552552551788e+03 9.521414637565612793e-01
9.002852852852853175e+03 9.610068798065185547e-01
9.003153153153152743e+03 9.715685844421386719e-01
9.003453453453454131e+03 9.809703826904296875e-01
9.003753753753753699e+03 9.872077703475952148e-01
9.004054054054053267e+03 9.902276992797851562e-01
9.004354354354354655e+03 9.903973937034606934e-01
9.004654654654654223e+03 9.886431694030761719e-01
9.004954954954955610e+03 9.868598580360412598e-01
9.005255255255255179e+03 9.845060706138610840e-01
9.005555555555554747e+03 9.805527925491333008e-01
9.005855855855856134e+03 9.764589071273803711e-01
9.006156156156155703e+03 9.720204472541809082e-01
9.006456456456457090e+03 9.670017361640930176e-01
9.006756756756756658e+03 9.635455608367919922e-01
9.007057057057056227e+03 9.633854627609252930e-01
9.007357357357357614e+03 9.658288955688476562e-01
9.007657657657657182e+03 9.683123826980590820e-01
9.007957957957958570e+03 9.690904617309570312e-01
9.008258258258258138e+03 9.674042463302612305e-01
9.008558558558557706e+03 9.638224840164184570e-01
9.008858858858859094e+03 9.603090286254882812e-01
9.009159159159158662e+03 9.579433202743530273e-01
9.009459459459460049e+03 9.571613073348999023e-01
9.009759759759759618e+03 9.586929082870483398e-01
