8.950000000000000000e+03 4.743751138448715210e-02
8.950300300300299568e+03 4.994618520140647888e-02
8.950600600600600956e+03 5.269572883844375610e-02
8.950900900900900524e+03 5.572165548801422119e-02
8.951201201201201911e+03 5.906620249152183533e-02
8.951501501501501480e+03 6.278100609779357910e-02
8.951801801801801048e+03 6.692759692668914795e-02
8.952102102102102435e+03 7.158201932907104492e-02
8.952402402402402004e+03 7.683722674846649170e-02
8.952702702702703391e+03 8.280863612890243530e-02
8.953003003003002959e+03 8.964131772518157959e-02
8.953303303303302528e+03 9.752299636602401733e-02
8.953603603603603915e+03 1.067106053233146667e-01
8.953903903903903483e+03 1.175667643547058105e-01
8.954204204204204871e+03 1.305646598339080811e-01
8.954504504504504439e+03 1.463038176298141479e-01
8.954804804804804007e+03 1.657126396894454956e-01
8.955105105105105395e+03 1.901683509349822998e-01
8.955405405405404963e+03 2.211694866418838501e-01
8.955705705705706350e+03 2.595767974853515625e-01
8.956006006006005919e+03 3.054585158824920654e-01
8.956306306306305487e+03 3.616222143173217773e-01
8.956606606606606874e+03 4.365329742431640625e-01
8.956906906906906443e+03 5.416600704193115234e-01
8.957207207207207830e+03 6.890864968299865723e-01
8.957507507507507398e+03 8.901708722114562988e-01
8.957807807807806967e+03 1.147643208503723145e+00
8.958108108108108354e+03 1.438382506370544434e+00
8.958408408408407922e+03 1.704733490943908691e+00
8.958708708708709310e+03 1.889927029609680176e+00
8.959009009009008878e+03 1.978683829307556152e+00
8.959309309309308446e+03 1.987536072731018066e+00
8.959609609609609834e+03 1.943103313446044922e+00
8.959909909909909402e+03 1.869829535484313965e+00
8.960210210210210789e+03 1.784368634223937988e+00
8.960510510510510358e+03 1.696270823478698730e+00
8.960810810810809926e+03 1.610872864723205566e+00
8.961111111111111313e+03 1.531521677970886230e+00
8.961411411411410882e+03 1.459701776504516602e+00
8.961711711711712269e+03 1.395841836929321289e+00
8.962012012012011837e+03 1.340067505836486816e+00
8.962312312312311406e+03 1.292053818702697754e+00
8.962612612612612793e+03 1.251040458679199219e+00
8.962912912912912361e+03 1.216278553009033203e+00
8.963213213213213749e+03 1.187152385711669922e+00
8.963513513513513317e+03 1.163454294204711914e+00
8.963813813813814704e+03 1.145561099052429199e+00
8.964114114114114273e+03 1.133323311805725098e+00
8.964414414414413841e+03 1.125484228134155273e+00
8.964714714714715228e+03 1.120249986648559570e+00
8.965015015015014797e+03 1.116241812705993652e+00
8.965315315315316184e+03 1.112688779830932617e+00
8.965615615615615752e+03 1.109060287475585938e+00
8.965915915915915321e+03 1.105042219161987305e+00
8.966216216216216708e+03 1.100534915924072266e+00
8.966516516516516276e+03 1.095282673835754395e+00
8.966816816816817663e+03 1.089008450508117676e+00
8.967117117117117232e+03 1.081907987594604492e+00
8.967417417417416800e+03 1.074290513992309570e+00
8.967717717717718187e+03 1.066353082656860352e+00
8.968018018018017756e+03 1.058205842971801758e+00
8.968318318318319143e+03 1.049787878990173340e+00
8.968618618618618711e+03 1.040843605995178223e+00
8.968918918918918280e+03 1.031211733818054199e+00
8.969219219219219667e+03 1.021070599555969238e+00
8.969519519519519235e+03 1.011101484298706055e+00
8.969819819819820623e+03 1.001931071281433105e+00
8.970120120120120191e+03 9.935363531112670898e-01
8.970420420420419759e+03 9.854251146316528320e-01
8.970720720720721147e+03 9.773701429367065430e-01
8.971021021021020715e+03 9.698774814605712891e-01
8.971321321321322102e+03 9.636777043342590332e-01
8.971621621621621671e+03 9.591885209083557129e-01
8.971921921921921239e+03 9.564192295074462891e-01
8.972222222222222626e+03 9.552395343780517578e-01
8.972522522522522195e+03 9.555140733718872070e-01
8.972822822822823582e+03 9.570430517196655273e-01
8.973123123123123150e+03 9.595104455947875977e-01
8.973423423423422719e+03 9.624885916709899902e-01
8.973723723723724106e+03 9.657337665557861328e-01
8.974024024024023674e+03 9.692001342773437500e-01
8.974324324324325062e+03 9.725863337516784668e-01
8.974624624624624630e+03 9.755078554153442383e-01
8.974924924924924198e+03 9.780080318450927734e-01
8.975225225225225586e+03 9.802823662757873535e-01
8.975525525525525154e+03 9.823585748672485352e-01
8.975825825825826541e+03 9.843629598617553711e-01
8.976126126126126110e+03 9.863657355308532715e-01
8.976426426426425678e+03 9.881986379623413086e-01
8.976726726726727065e+03 9.898127317428588867e-01
8.977027027027026634e+03 9.913075566291809082e-01
8.977327327327328021e+03 9.927628636360168457e-01
8.977627627627627589e+03 9.943349957466125488e-01
8.977927927927927158e+03 9.960522055625915527e-01
8.978228228228228545e+03 9.976490139961242676e-01
8.978528528528528113e+03 9.987748861312866211e-01
8.978828828828829501e+03 9.992665052413940430e-01
8.979129129129129069e+03 9.991619586944580078e-01
8.979429429429428637e+03 9.985410571098327637e-01
8.979729729729730025e+03 9.974639415740966797e-01
8.980030030030029593e+03 9.960280656814575195e-01
8.980330330330330980e+03 9.942619800567626953e-01
8.980630630630630549e+03 9.920132756233215332e-01
8.980930930930930117e+03 9.889897108078002930e-01
8.981231231231231504e+03 9.850416183471679688e-01
8.981531531531531073e+03 9.802648425102233887e-01
8.981831831831832460e+03 9.748100042343139648e-01
8.982132132132132028e+03 9.688383340835571289e-01
8.982432432432431597e+03 9.624602794647216797e-01
8.982732732732732984e+03 9.557301998138427734e-01
8.983033033033032552e+03 9.487485885620117188e-01
8.983333333333333940e+03 9.416068792343139648e-01
8.983633633633633508e+03 9.343214631080627441e-01
8.983933933933933076e+03 9.268269538879394531e-01
8.984234234234234464e+03 9.191175103187561035e-01
8.984534534534534032e+03 9.112274050712585449e-01
8.984834834834835419e+03 9.032886028289794922e-01
8.985135135135134988e+03 8.954904079437255859e-01
8.985435435435434556e+03 8.879196047782897949e-01
8.985735735735735943e+03 8.806672096252441406e-01
8.986036036036035512e+03 8.738107681274414062e-01
8.986336336336336899e+03 8.673239350318908691e-01
8.986636636636636467e+03 8.611412048339843750e-01
8.986936936936937855e+03 8.552399277687072754e-01
8.987237237237237423e+03 8.495900034904479980e-01
8.987537537537536991e+03 8.441643118858337402e-01
8.987837837837838379e+03 8.389878273010253906e-01
8.988138138138137947e+03 8.341665863990783691e-01
8.988438438438439334e+03 8.298202753067016602e-01
8.988738738738738903e+03 8.260209560394287109e-01
8.989039039039038471e+03 8.227423429489135742e-01
8.989339339339339858e+03 8.199499845504760742e-01
8.989639639639639427e+03 8.177023530006408691e-01
8.989939939939940814e+03 8.160732388496398926e-01
8.990240240240240382e+03 8.150004744529724121e-01
8.990540540540539951e+03 8.143274784088134766e-01
8.990840840840841338e+03 8.138669729232788086e-01
8.991141141141140906e+03 8.135208487510681152e-01
8.991441441441442294e+03 8.134433031082153320e-01
8.991741741741741862e+03 8.138260841369628906e-01
8.992042042042041430e+03 8.146040439605712891e-01
8.992342342342342818e+03 8.157029151916503906e-01
8.992642642642642386e+03 8.172000050544738770e-01
8.992942942942943773e+03 8.190792798995971680e-01
8.993243243243243342e+03 8.212807178497314453e-01
8.993543543543542910e+03 8.238067030906677246e-01
8.993843843843844297e+03 8.266354799270629883e-01
8.994144144144143866e+03 8.297320604324340820e-01
8.994444444444445253e+03 8.329894542694091797e-01
8.994744744744744821e+03 8.363093733787536621e-01
8.995045045045044390e+03 8.397174477577209473e-01
8.995345345345345777e+03 8.433150649070739746e-01
8.995645645645645345e+03 8.472120761871337891e-01
8.995945945945946733e+03 8.514208197593688965e-01
8.996246246246246301e+03 8.558297753334045410e-01
8.996546546546545869e+03 8.603415489196777344e-01
8.996846846846847257e+03 8.649126887321472168e-01
8.997147147147146825e+03 8.695459961891174316e-01
8.997447447447448212e+03 8.742653727531433105e-01
8.997747747747747781e+03 8.790613412857055664e-01
8.998048048048047349e+03 8.838675022125244141e-01
8.998348348348348736e+03 8.885362744331359863e-01
8.998648648648648305e+03 8.929514884948730469e-01
8.998948948948949692e+03 8.972486257553100586e-01
8.999249249249249260e+03 9.015980958938598633e-01
8.999549549549548829e+03 9.060665965080261230e-01
8.999849849849850216e+03 9.106839299201965332e-01
9.000150150150149784e+03 9.154430031776428223e-01
9.000450450450451171e+03 9.202093482017517090e-01
9.000750750750750740e+03 9.249035716056823730e-01
9.001051051051050308e+03 9.295845627784729004e-01
9.001351351351351695e+03 9.342677593231201172e-01
9.001651651651651264e+03 9.389350414276123047e-01
9.001951951951952651e+03 9.435678124427795410e-01
9.002252252252252219e+03 9.481676816940307617e-01
9.002552552552551788e+03 9.526602029800415039e-01
9.002852852852853175e+03 9.569275379180908203e-01
9.003153153153152743e+03 9.610996246337890625e-01
9.003453453453454131e+03 9.653235673904418945e-01
9.003753753753753699e+03 9.695117473602294922e-01
9.004054054054053267e+03 9.735175371170043945e-01
9.004354354354354655e+03 9.773156642913818359e-01
9.004654654654654223e+03 9.810664057731628418e-01
9.004954954954955610e+03 9.848130941390991211e-01
9.005255255255255179e+03 9.884321689605712891e-01
9.005555555555554747e+03 9.918909668922424316e-01
9.005855855855856134e+03 9.952980279922485352e-01
9.006156156156155703e+03 9.987584352493286133e-01
9.006456456456457090e+03 1.002311706542968750e+00
9.006756756756756658e+03 1.005896925926208496e+00
9.007057057057056227e+03 1.009277343750000000e+00
9.007357357357357614e+03 1.012215614318847656e+00
9.007657657657657182e+03 1.014804601669311523e+00
9.007957957957958570e+03 1.017257213592529297e+00
9.008258258258258138e+03 1.019548416137695312e+00
9.008558558558557706e+03 1.021593689918518066e+00
9.008858858858859094e+03 1.023451328277587891e+00
9.009159159159158662e+03 1.025255203247070312e+00
9.009459459459460049e+03 1.027138352394104004e+00
9.009759759759759618e+03 1.029058933258056641e+00
