8.950000000000000000e+03 4.541528224945068359e-02
8.950300300300299568e+03 4.764926806092262268e-02
8.950600600600600956e+03 5.007886514067649841e-02
8.950900900900900524e+03 5.272842943668365479e-02
8.951201201201201911e+03 5.562736839056015015e-02
8.951501501501501480e+03 5.880903452634811401e-02
8.951801801801801048e+03 6.231644004583358765e-02
8.952102102102102435e+03 6.620077788829803467e-02
8.952402402402402004e+03 7.052820175886154175e-02
8.952702702702703391e+03 7.538455724716186523e-02
8.953003003003002959e+03 8.088330179452896118e-02
8.953303303303302528e+03 8.717198669910430908e-02
8.953603603603603915e+03 9.443207830190658569e-02
8.953903903903903483e+03 1.028909161686897278e-01
8.954204204204204871e+03 1.129449233412742615e-01
8.954504504504504439e+03 1.253185123205184937e-01
8.954804804804804007e+03 1.409272849559783936e-01
8.955105105105105395e+03 1.607536226511001587e-01
8.955405405405404963e+03 1.855269819498062134e-01
8.955705705705706350e+03 2.142342329025268555e-01
8.956006006006005919e+03 2.440948635339736938e-01
8.956306306306305487e+03 2.758696675300598145e-01
8.956606606606606874e+03 3.162320852279663086e-01
8.956906906906906443e+03 3.715173900127410889e-01
8.957207207207207830e+03 4.468239545822143555e-01
8.957507507507507398e+03 5.467662811279296875e-01
8.957807807807806967e+03 6.744039058685302734e-01
8.958108108108108354e+03 8.290193080902099609e-01
8.958408408408407922e+03 1.004491925239562988e+00
8.958708708708709310e+03 1.186085581779479980e+00
8.959009009009008878e+03 1.353586554527282715e+00
8.959309309309308446e+03 1.496437191963195801e+00
8.959609609609609834e+03 1.615952014923095703e+00
8.959909909909909402e+03 1.720370292663574219e+00
8.960210210210210789e+03 1.820324182510375977e+00
8.960510510510510358e+03 1.921144247055053711e+00
8.960810810810809926e+03 2.019110202789306641e+00
8.961111111111111313e+03 2.105257272720336914e+00
8.961411411411410882e+03 2.171143770217895508e+00
8.961711711711712269e+03 2.211134433746337891e+00
8.962012012012011837e+03 2.222564220428466797e+00
8.962312312312311406e+03 2.205903530120849609e+00
8.962612612612612793e+03 2.164555549621582031e+00
8.962912912912912361e+03 2.103595018386840820e+00
8.963213213213213749e+03 2.028451204299926758e+00
8.963513513513513317e+03 1.943408131599426270e+00
8.963813813813814704e+03 1.850146770477294922e+00
8.964114114114114273e+03 1.750318050384521484e+00
8.964414414414413841e+03 1.647416114807128906e+00
8.964714714714715228e+03 1.545477032661437988e+00
8.965015015015014797e+03 1.447970390319824219e+00
8.965315315315316184e+03 1.357778787612915039e+00
8.965615615615615752e+03 1.277116060256958008e+00
8.965915915915915321e+03 1.207206606864929199e+00
8.966216216216216708e+03 1.148290395736694336e+00
8.966516516516516276e+03 1.100355029106140137e+00
8.966816816816817663e+03 1.062863707542419434e+00
8.967117117117117232e+03 1.034015655517578125e+00
8.967417417417416800e+03 1.012045383453369141e+00
8.967717717717718187e+03 9.957519769668579102e-01
8.968018018018017756e+03 9.840584993362426758e-01
8.968318318318319143e+03 9.760645627975463867e-01
8.968618618618618711e+03 9.711032509803771973e-01
8.968918918918918280e+03 9.684884548187255859e-01
8.969219219219219667e+03 9.673193693161010742e-01
8.969519519519519235e+03 9.665283560752868652e-01
8.969819819819820623e+03 9.652732610702514648e-01
8.970120120120120191e+03 9.633662700653076172e-01
8.970420420420419759e+03 9.613653421401977539e-01
8.970720720720721147e+03 9.599097967147827148e-01
8.971021021021020715e+03 9.586994647979736328e-01
8.971321321321322102e+03 9.568189978599548340e-01
8.971621621621621671e+03 9.536998271942138672e-01
8.971921921921921239e+03 9.494918584823608398e-01
8.972222222222222626e+03 9.443220496177673340e-01
8.972522522522522195e+03 9.380235671997070312e-01
8.972822822822823582e+03 9.307066202163696289e-01
8.973123123123123150e+03 9.229428172111511230e-01
8.973423423423422719e+03 9.154788851737976074e-01
8.973723723723724106e+03 9.084089994430541992e-01
8.974024024024023674e+03 9.012101888656616211e-01
8.974324324324325062e+03 8.939024806022644043e-01
8.974624624624624630e+03 8.870390653610229492e-01
8.974924924924924198e+03 8.809083104133605957e-01
8.975225225225225586e+03 8.757865428924560547e-01
8.975525525525525154e+03 8.719449639320373535e-01
8.975825825825826541e+03 8.688941001892089844e-01
8.976126126126126110e+03 8.660210371017456055e-01
8.976426426426425678e+03 8.631421327590942383e-01
8.976726726726727065e+03 8.600112795829772949e-01
8.977027027027026634e+03 8.562550544738769531e-01
8.977327327327328021e+03 8.518348932266235352e-01
8.977627627627627589e+03 8.469384312629699707e-01
8.977927927927927158e+03 8.418529033660888672e-01
8.978228228228228545e+03 8.369339704513549805e-01
8.978528528528528113e+03 8.324267268180847168e-01
8.978828828828829501e+03 8.281899690628051758e-01
8.979129129129129069e+03 8.240768909454345703e-01
8.979429429429428637e+03 8.200376629829406738e-01
8.979729729729730025e+03 8.158221840858459473e-01
8.980030030030029593e+03 8.111258745193481445e-01
8.980330330330330980e+03 8.058540821075439453e-01
8.980630630630630549e+03 8.002822995185852051e-01
8.980930930930930117e+03 7.949779629707336426e-01
8.981231231231231504e+03 7.902470231056213379e-01
8.981531531531531073e+03 7.859748005867004395e-01
8.981831831831832460e+03 7.820778489112854004e-01
8.982132132132132028e+03 7.785327434539794922e-01
8.982432432432431597e+03 7.751999497413635254e-01
8.982732732732732984e+03 7.719656825065612793e-01
8.983033033033032552e+03 7.688224315643310547e-01
8.983333333333333940e+03 7.657253742218017578e-01
8.983633633633633508e+03 7.626249790191650391e-01
8.983933933933933076e+03 7.596714496612548828e-01
8.984234234234234464e+03 7.571250796318054199e-01
8.984534534534534032e+03 7.551398277282714844e-01
8.984834834834835419e+03 7.536591291427612305e-01
8.985135135135134988e+03 7.525676488876342773e-01
8.985435435435434556e+03 7.518128752708435059e-01
8.985735735735735943e+03 7.512716054916381836e-01
8.986036036036035512e+03 7.508433461189270020e-01
8.986336336336336899e+03 7.506763339042663574e-01
8.986636636636636467e+03 7.510210871696472168e-01
8.986936936936937855e+03 7.519254684448242188e-01
8.987237237237237423e+03 7.534503936767578125e-01
8.987537537537536991e+03 7.558241486549377441e-01
8.987837837837838379e+03 7.591098546981811523e-01
8.988138138138137947e+03 7.632216811180114746e-01
8.988438438438439334e+03 7.680163979530334473e-01
8.988738738738738903e+03 7.732306718826293945e-01
8.989039039039038471e+03 7.786993384361267090e-01
8.989339339339339858e+03 7.845720052719116211e-01
8.989639639639639427e+03 7.909474372863769531e-01
8.989939939939940814e+03 7.977886795997619629e-01
8.990240240240240382e+03 8.052160739898681641e-01
8.990540540540539951e+03 8.133433461189270020e-01
8.990840840840841338e+03 8.221868276596069336e-01
8.991141141141140906e+03 8.317716717720031738e-01
8.991441441441442294e+03 8.418946266174316406e-01
8.991741741741741862e+03 8.522667884826660156e-01
8.992042042042041430e+03 8.628914356231689453e-01
8.992342342342342818e+03 8.737229108810424805e-01
8.992642642642642386e+03 8.844849467277526855e-01
8.992942942942943773e+03 8.950786590576171875e-01
8.993243243243243342e+03 9.056962132453918457e-01
8.993543543543542910e+03 9.164814352989196777e-01
8.993843843843844297e+03 9.273066520690917969e-01
8.994144144144143866e+03 9.380902051925659180e-01
8.994444444444445253e+03 9.490198493003845215e-01
8.994744744744744821e+03 9.601680040359497070e-01
8.995045045045044390e+03 9.712107777595520020e-01
8.995345345345345777e+03 9.816677570343017578e-01
8.995645645645645345e+03 9.913491010665893555e-01
8.995945945945946733e+03 1.000361800193786621e+00
8.996246246246246301e+03 1.008770465850830078e+00
8.996546546546545869e+03 1.016600966453552246e+00
8.996846846846847257e+03 1.023975610733032227e+00
8.997147147147146825e+03 1.031014323234558105e+00
8.997447447447448212e+03 1.037569880485534668e+00
8.997747747747747781e+03 1.043472051620483398e+00
8.998048048048047349e+03 1.048816084861755371e+00
8.998348348348348736e+03 1.053938031196594238e+00
8.998648648648648305e+03 1.059348344802856445e+00
8.998948948948949692e+03 1.064988374710083008e+00
8.999249249249249260e+03 1.070264816284179688e+00
8.999549549549548829e+03 1.074792623519897461e+00
8.999849849849850216e+03 1.078551888465881348e+00
9.000150150150149784e+03 1.081671595573425293e+00
9.000450450450451171e+03 1.084505081176757812e+00
9.000750750750750740e+03 1.087186694145202637e+00
9.001051051051050308e+03 1.089518547058105469e+00
9.001351351351351695e+03 1.091413855552673340e+00
9.001651651651651264e+03 1.092918276786804199e+00
9.001951951951952651e+03 1.094225168228149414e+00
9.002252252252252219e+03 1.095413088798522949e+00
9.002552552552551788e+03 1.096511483192443848e+00
9.002852852852853175e+03 1.097497344017028809e+00
9.003153153153152743e+03 1.098128318786621094e+00
9.003453453453454131e+03 1.098326206207275391e+00
9.003753753753753699e+03 1.098238825798034668e+00
9.004054054054053267e+03 1.098077297210693359e+00
9.004354354354354655e+03 1.097738742828369141e+00
9.004654654654654223e+03 1.096714138984680176e+00
9.004954954954955610e+03 1.094970703125000000e+00
9.005255255255255179e+03 1.092988729476928711e+00
9.005555555555554747e+03 1.090996861457824707e+00
9.005855855855856134e+03 1.088902354240417480e+00
9.006156156156155703e+03 1.086704730987548828e+00
9.006456456456457090e+03 1.084459066390991211e+00
9.006756756756756658e+03 1.082070231437683105e+00
9.007057057057056227e+03 1.079702615737915039e+00
9.007357357357357614e+03 1.077806949615478516e+00
9.007657657657657182e+03 1.076428413391113281e+00
9.007957957957958570e+03 1.075337052345275879e+00
9.008258258258258138e+03 1.074337840080261230e+00
9.008558558558557706e+03 1.073094725608825684e+00
9.008858858858859094e+03 1.071363806724548340e+00
9.009159159159158662e+03 1.069130897521972656e+00
9.009459459459460049e+03 1.066482067108154297e+00
9.009759759759759618e+03 1.063635110855102539e+00
