8.950000000000000000e+03 4.643289372324943542e-02
8.950300300300299568e+03 4.882179945707321167e-02
8.950600600600600956e+03 5.143391340970993042e-02
8.950900900900900524e+03 5.430078506469726562e-02
8.951201201201201911e+03 5.746018886566162109e-02
8.951501501501501480e+03 6.095766648650169373e-02
8.951801801801801048e+03 6.484887003898620605e-02
8.952102102102102435e+03 6.920235604047775269e-02
8.952402402402402004e+03 7.410386204719543457e-02
8.952702702702703391e+03 7.966218143701553345e-02
8.953003003003002959e+03 8.601763844490051270e-02
8.953303303303302528e+03 9.335422515869140625e-02
8.953603603603603915e+03 1.019186750054359436e-01
8.953903903903903483e+03 1.120504289865493774e-01
8.954204204204204871e+03 1.242389380931854248e-01
8.954504504504504439e+03 1.392148286104202271e-01
8.954804804804804007e+03 1.580393314361572266e-01
8.955105105105105395e+03 1.820535063743591309e-01
8.955405405405404963e+03 2.121513932943344116e-01
8.955705705705706350e+03 2.471662461757659912e-01
8.956006006006005919e+03 2.845283448696136475e-01
8.956306306306305487e+03 3.262579739093780518e-01
8.956606606606606874e+03 3.810518980026245117e-01
8.956906906906906443e+03 4.583174586296081543e-01
8.957207207207207830e+03 5.662074685096740723e-01
8.957507507507507398e+03 7.126736044883728027e-01
8.957807807807806967e+03 9.030981063842773438e-01
8.958108108108108354e+03 1.132322788238525391e+00
8.958408408408407922e+03 1.372748970985412598e+00
8.958708708708709310e+03 1.580500245094299316e+00
8.959009009009008878e+03 1.725664138793945312e+00
8.959309309309308446e+03 1.807539701461791992e+00
8.959609609609609834e+03 1.842526197433471680e+00
8.959909909909909402e+03 1.849960446357727051e+00
8.960210210210210789e+03 1.845579385757446289e+00
8.960510510510510358e+03 1.836590170860290527e+00
8.960810810810809926e+03 1.822785615921020508e+00
8.961111111111111313e+03 1.802056193351745605e+00
8.961411411411410882e+03 1.772195816040039062e+00
8.961711711711712269e+03 1.731718897819519043e+00
8.962012012012011837e+03 1.681212186813354492e+00
8.962312312312311406e+03 1.623108386993408203e+00
8.962612612612612793e+03 1.560470461845397949e+00
8.962912912912912361e+03 1.496294379234313965e+00
8.963213213213213749e+03 1.433055877685546875e+00
8.963513513513513317e+03 1.373079538345336914e+00
8.963813813813814704e+03 1.318883895874023438e+00
8.964114114114114273e+03 1.271810173988342285e+00
8.964414414414413841e+03 1.231213331222534180e+00
8.964714714714715228e+03 1.195918083190917969e+00
8.965015015015014797e+03 1.165636777877807617e+00
8.965315315315316184e+03 1.140409827232360840e+00
8.965615615615615752e+03 1.119850516319274902e+00
8.965915915915915321e+03 1.103626489639282227e+00
8.966216216216216708e+03 1.091466665267944336e+00
8.966516516516516276e+03 1.082861900329589844e+00
8.966816816816817663e+03 1.076961874961853027e+00
8.967117117117117232e+03 1.072829961776733398e+00
8.967417417417416800e+03 1.070084571838378906e+00
8.967717717717718187e+03 1.068475723266601562e+00
8.968018018018017756e+03 1.067514538764953613e+00
8.968318318318319143e+03 1.066789746284484863e+00
8.968618618618618711e+03 1.065664052963256836e+00
8.968918918918918280e+03 1.063566327095031738e+00
8.969219219219219667e+03 1.060561180114746094e+00
8.969519519519519235e+03 1.057162642478942871e+00
8.969819819819820623e+03 1.053713798522949219e+00
8.970120120120120191e+03 1.050222516059875488e+00
8.970420420420419759e+03 1.046591401100158691e+00
8.970720720720721147e+03 1.042689919471740723e+00
8.971021021021020715e+03 1.038397073745727539e+00
8.971321321321322102e+03 1.033686161041259766e+00
8.971621621621621671e+03 1.028712511062622070e+00
8.971921921921921239e+03 1.023703575134277344e+00
8.972222222222222626e+03 1.018660187721252441e+00
8.972522522522522195e+03 1.013590335845947266e+00
8.972822822822823582e+03 1.008796095848083496e+00
8.973123123123123150e+03 1.004643678665161133e+00
8.973423423423422719e+03 1.001043081283569336e+00
8.973723723723724106e+03 9.973145723342895508e-01
8.974024024024023674e+03 9.927307367324829102e-01
8.974324324324325062e+03 9.871243834495544434e-01
8.974624624624624630e+03 9.809737205505371094e-01
8.974924924924924198e+03 9.750012159347534180e-01
8.975225225225225586e+03 9.699124693870544434e-01
8.975525525525525154e+03 9.658647775650024414e-01
8.975825825825826541e+03 9.624028205871582031e-01
8.976126126126126110e+03 9.589291810989379883e-01
8.976426426426425678e+03 9.552026987075805664e-01
8.976726726726727065e+03 9.513871669769287109e-01
8.977027027027026634e+03 9.475601315498352051e-01
8.977327327327328021e+03 9.436802268028259277e-01
8.977627627627627589e+03 9.399042725563049316e-01
8.977927927927927158e+03 9.364304542541503906e-01
8.978228228228228545e+03 9.332233667373657227e-01
8.978528528528528113e+03 9.300878643989562988e-01
8.978828828828829501e+03 9.268129467964172363e-01
8.979129129129129069e+03 9.233556985855102539e-01
8.979429429429428637e+03 9.196999669075012207e-01
8.979729729729730025e+03 9.157058596611022949e-01
8.980030030030029593e+03 9.114000797271728516e-01
8.980330330330330980e+03 9.071031212806701660e-01
8.980630630630630549e+03 9.030351042747497559e-01
8.980930930930930117e+03 8.990417718887329102e-01
8.981231231231231504e+03 8.947118520736694336e-01
8.981531531531531073e+03 8.898643255233764648e-01
8.981831831831832460e+03 8.845769166946411133e-01
8.982132132132132028e+03 8.789318799972534180e-01
8.982432432432431597e+03 8.729997873306274414e-01
8.982732732732732984e+03 8.669508099555969238e-01
8.983033033033032552e+03 8.609853982925415039e-01
8.983333333333333940e+03 8.551123142242431641e-01
8.983633633633633508e+03 8.491591215133666992e-01
8.983933933933933076e+03 8.429974317550659180e-01
8.984234234234234464e+03 8.368197679519653320e-01
8.984534534534534032e+03 8.309015035629272461e-01
8.984834834834835419e+03 8.253630995750427246e-01
8.985135135135134988e+03 8.201926946640014648e-01
8.985435435435434556e+03 8.152236342430114746e-01
8.985735735735735943e+03 8.102449178695678711e-01
8.986036036036035512e+03 8.052434325218200684e-01
8.986336336336336899e+03 8.004524707794189453e-01
8.986636636636636467e+03 7.960622906684875488e-01
8.986936936936937855e+03 7.921009063720703125e-01
8.987237237237237423e+03 7.885895371437072754e-01
8.987537537537536991e+03 7.856370210647583008e-01
8.987837837837838379e+03 7.832342982292175293e-01
8.988138138138137947e+03 7.813397049903869629e-01
8.988438438438439334e+03 7.799845337867736816e-01
8.988738738738738903e+03 7.792128324508666992e-01
8.989039039039038471e+03 7.789735198020935059e-01
8.989339339339339858e+03 7.792083024978637695e-01
8.989639639639639427e+03 7.799311280250549316e-01
8.989939939939940814e+03 7.811766862869262695e-01
8.990240240240240382e+03 7.829887270927429199e-01
8.990540540540539951e+03 7.853939533233642578e-01
8.990840840840841338e+03 7.883969545364379883e-01
8.991141141141140906e+03 7.920522093772888184e-01
8.991441441441442294e+03 7.964148521423339844e-01
8.991741741741741862e+03 8.014629483222961426e-01
8.992042042042041430e+03 8.071230053901672363e-01
8.992342342342342818e+03 8.132377266883850098e-01
8.992642642642642386e+03 8.195819258689880371e-01
8.992942942942943773e+03 8.259925842285156250e-01
8.993243243243243342e+03 8.324989080429077148e-01
8.993543543543542910e+03 8.391410112380981445e-01
8.993843843843844297e+03 8.458768129348754883e-01
8.994144144144143866e+03 8.527189493179321289e-01
8.994444444444445253e+03 8.597232699394226074e-01
8.994744744744744821e+03 8.669294118881225586e-01
8.995045045045044390e+03 8.743382692337036133e-01
8.995345345345345777e+03 8.817193508148193359e-01
8.995645645645645345e+03 8.888269662857055664e-01
8.995945945945946733e+03 8.956702351570129395e-01
8.996246246246246301e+03 9.022314548492431641e-01
8.996546546546545869e+03 9.083933830261230469e-01
8.996846846846847257e+03 9.142549633979797363e-01
8.997147147147146825e+03 9.201101064682006836e-01
8.997447447447448212e+03 9.261713027954101562e-01
8.997747747747747781e+03 9.324014782905578613e-01
8.998048048048047349e+03 9.385834336280822754e-01
8.998348348348348736e+03 9.444842338562011719e-01
8.998648648648648305e+03 9.501811265945434570e-01
8.998948948948949692e+03 9.561435580253601074e-01
8.999249249249249260e+03 9.624736309051513672e-01
8.999549549549548829e+03 9.689282178878784180e-01
8.999849849849850216e+03 9.753904342651367188e-01
9.000150150150149784e+03 9.817849397659301758e-01
9.000450450450451171e+03 9.880397915840148926e-01
9.000750750750750740e+03 9.939795732498168945e-01
9.001051051051050308e+03 9.994555115699768066e-01
9.001351351351351695e+03 1.004510641098022461e+00
9.001651651651651264e+03 1.009095668792724609e+00
9.001951951951952651e+03 1.013160824775695801e+00
9.002252252252252219e+03 1.016868591308593750e+00
9.002552552552551788e+03 1.020421266555786133e+00
9.002852852852853175e+03 1.023934721946716309e+00
9.003153153153152743e+03 1.027387022972106934e+00
9.003453453453454131e+03 1.030671954154968262e+00
9.003753753753753699e+03 1.033646106719970703e+00
9.004054054054053267e+03 1.036171317100524902e+00
9.004354354354354655e+03 1.038331747055053711e+00
9.004654654654654223e+03 1.040294289588928223e+00
9.004954954954955610e+03 1.042162895202636719e+00
9.005255255255255179e+03 1.043999671936035156e+00
9.005555555555554747e+03 1.045758962631225586e+00
9.005855855855856134e+03 1.047394275665283203e+00
9.006156156156155703e+03 1.049002647399902344e+00
9.006456456456457090e+03 1.050728797912597656e+00
9.006756756756756658e+03 1.052493333816528320e+00
9.007057057057056227e+03 1.054039239883422852e+00
9.007357357357357614e+03 1.055261731147766113e+00
9.007657657657657182e+03 1.056241393089294434e+00
9.007957957957958570e+03 1.057033300399780273e+00
9.008258258258258138e+03 1.057499647140502930e+00
9.008558558558557706e+03 1.057375788688659668e+00
9.008858858858859094e+03 1.056868553161621094e+00
9.009159159159158662e+03 1.056542754173278809e+00
9.009459459459460049e+03 1.056608080863952637e+00
9.009759759759759618e+03 1.056767702102661133e+00
