8.950000000000000000e+03 4.737696424126625061e-02
8.950300300300299568e+03 4.987543821334838867e-02
8.950600600600600956e+03 5.260983109474182129e-02
8.950900900900900524e+03 5.561317875981330872e-02
8.951201201201201911e+03 5.892480164766311646e-02
8.951501501501501480e+03 6.259180605411529541e-02
8.951801801801801048e+03 6.667106598615646362e-02
8.952102102102102435e+03 7.123188674449920654e-02
8.952402402402402004e+03 7.635946571826934814e-02
8.952702702702703391e+03 8.215969800949096680e-02
8.953003003003002959e+03 8.876571059226989746e-02
8.953303303303302528e+03 9.634713083505630493e-02
8.953603603603603915e+03 1.051232442259788513e-01
8.953903903903903483e+03 1.153824850916862488e-01
8.954204204204204871e+03 1.275114119052886963e-01
8.954504504504504439e+03 1.420392394065856934e-01
8.954804804804804007e+03 1.597055047750473022e-01
8.955105105105105395e+03 1.815562248229980469e-01
8.955405405405404963e+03 2.090397328138351440e-01
8.955705705705706350e+03 2.439795732498168945e-01
8.956006006006005919e+03 2.885170876979827881e-01
8.956306306306305487e+03 3.463443815708160400e-01
8.956606606606606874e+03 4.248692989349365234e-01
8.956906906906906443e+03 5.354613065719604492e-01
8.957207207207207830e+03 6.931425929069519043e-01
8.957507507507507398e+03 9.134699702262878418e-01
8.957807807807806967e+03 1.198366284370422363e+00
8.958108108108108354e+03 1.505274415016174316e+00
8.958408408408407922e+03 1.744572758674621582e+00
8.958708708708709310e+03 1.878876090049743652e+00
8.959009009009008878e+03 1.950660824775695801e+00
8.959309309309308446e+03 1.985610008239746094e+00
8.959609609609609834e+03 1.978571534156799316e+00
8.959909909909909402e+03 1.927906274795532227e+00
8.960210210210210789e+03 1.851226568222045898e+00
8.960510510510510358e+03 1.758436679840087891e+00
8.960810810810809926e+03 1.647678613662719727e+00
8.961111111111111313e+03 1.527258872985839844e+00
8.961411411411410882e+03 1.416579127311706543e+00
8.961711711711712269e+03 1.328894138336181641e+00
8.962012012012011837e+03 1.266917943954467773e+00
8.962312312312311406e+03 1.226929187774658203e+00
8.962612612612612793e+03 1.201664328575134277e+00
8.962912912912912361e+03 1.185528159141540527e+00
8.963213213213213749e+03 1.174676537513732910e+00
8.963513513513513317e+03 1.163915753364562988e+00
8.963813813813814704e+03 1.149416327476501465e+00
8.964114114114114273e+03 1.131744384765625000e+00
8.964414414414413841e+03 1.119396209716796875e+00
8.964714714714715228e+03 1.121731638908386230e+00
8.965015015015014797e+03 1.139306902885437012e+00
8.965315315315316184e+03 1.160759449005126953e+00
8.965615615615615752e+03 1.167552947998046875e+00
8.965915915915915321e+03 1.151508808135986328e+00
8.966216216216216708e+03 1.122676849365234375e+00
8.966516516516516276e+03 1.095715999603271484e+00
8.966816816816817663e+03 1.077490091323852539e+00
8.967117117117117232e+03 1.067185401916503906e+00
8.967417417417416800e+03 1.061847925186157227e+00
8.967717717717718187e+03 1.057946085929870605e+00
8.968018018018017756e+03 1.052504539489746094e+00
8.968318318318319143e+03 1.043354988098144531e+00
8.968618618618618711e+03 1.031576871871948242e+00
8.968918918918918280e+03 1.020917773246765137e+00
8.969219219219219667e+03 1.013510465621948242e+00
8.969519519519519235e+03 1.007524132728576660e+00
8.969819819819820623e+03 9.979043006896972656e-01
8.970120120120120191e+03 9.839979410171508789e-01
8.970420420420419759e+03 9.730118513107299805e-01
8.970720720720721147e+03 9.705755114555358887e-01
8.971021021021020715e+03 9.738264679908752441e-01
8.971321321321322102e+03 9.763793349266052246e-01
8.971621621621621671e+03 9.757038354873657227e-01
8.971921921921921239e+03 9.737927913665771484e-01
8.972222222222222626e+03 9.727512001991271973e-01
8.972522522522522195e+03 9.747788310050964355e-01
8.972822822822823582e+03 9.804162383079528809e-01
8.973123123123123150e+03 9.875574111938476562e-01
8.973423423423422719e+03 9.921641349792480469e-01
8.973723723723724106e+03 9.905410408973693848e-01
8.974024024024023674e+03 9.843347668647766113e-01
8.974324324324325062e+03 9.792465567588806152e-01
8.974624624624624630e+03 9.796347618103027344e-01
8.974924924924924198e+03 9.841871261596679688e-01
8.975225225225225586e+03 9.867792129516601562e-01
8.975525525525525154e+03 9.853134751319885254e-01
8.975825825825826541e+03 9.818158149719238281e-01
8.976126126126126110e+03 9.779388904571533203e-01
8.976426426426425678e+03 9.744753241539001465e-01
8.976726726726727065e+03 9.711261391639709473e-01
8.977027027027026634e+03 9.687383174896240234e-01
8.977327327327328021e+03 9.695716500282287598e-01
8.977627627627627589e+03 9.749714732170104980e-01
8.977927927927927158e+03 9.833110570907592773e-01
8.978228228228228545e+03 9.913054108619689941e-01
8.978528528528528113e+03 9.983612895011901855e-01
8.978828828828829501e+03 1.005494713783264160e+00
8.979129129129129069e+03 1.012558102607727051e+00
8.979429429429428637e+03 1.018270492553710938e+00
8.979729729729730025e+03 1.020122408866882324e+00
8.980030030030029593e+03 1.018026709556579590e+00
8.980330330330330980e+03 1.013324737548828125e+00
8.980630630630630549e+03 1.006297111511230469e+00
8.980930930930930117e+03 9.978762865066528320e-01
8.981231231231231504e+03 9.890939593315124512e-01
8.981531531531531073e+03 9.783766865730285645e-01
8.981831831831832460e+03 9.645069837570190430e-01
8.982132132132132028e+03 9.488422274589538574e-01
8.982432432432431597e+03 9.345392584800720215e-01
8.982732732732732984e+03 9.250239133834838867e-01
8.983033033033032552e+03 9.199934005737304688e-01
8.983333333333333940e+03 9.155587553977966309e-01
8.983633633633633508e+03 9.100683331489562988e-01
8.983933933933933076e+03 9.051063656806945801e-01
8.984234234234234464e+03 9.016564488410949707e-01
8.984534534534534032e+03 9.000670313835144043e-01
8.984834834834835419e+03 9.020360708236694336e-01
8.985135135135134988e+03 9.068737030029296875e-01
8.985435435435434556e+03 9.102733731269836426e-01
8.985735735735735943e+03 9.093925356864929199e-01
8.986036036036035512e+03 9.048387408256530762e-01
8.986336336336336899e+03 8.979875445365905762e-01
8.986636636636636467e+03 8.898607492446899414e-01
8.986936936936937855e+03 8.816800713539123535e-01
8.987237237237237423e+03 8.743405938148498535e-01
8.987537537537536991e+03 8.671727180480957031e-01
8.987837837837838379e+03 8.582992553710937500e-01
8.988138138138137947e+03 8.480448126792907715e-01
8.988438438438439334e+03 8.384936451911926270e-01
8.988738738738738903e+03 8.305099010467529297e-01
8.989039039039038471e+03 8.235739469528198242e-01
8.989339339339339858e+03 8.179197907447814941e-01
8.989639639639639427e+03 8.138445019721984863e-01
8.989939939939940814e+03 8.102932572364807129e-01
8.990240240240240382e+03 8.063841462135314941e-01
8.990540540540539951e+03 8.015093803405761719e-01
8.990840840840841338e+03 7.957265973091125488e-01
8.991141141141140906e+03 7.902515530586242676e-01
8.991441441441442294e+03 7.867497205734252930e-01
8.991741741741741862e+03 7.873372435569763184e-01
8.992042042042041430e+03 7.921288013458251953e-01
8.992342342342342818e+03 7.983375191688537598e-01
8.992642642642642386e+03 8.037949204444885254e-01
8.992942942942943773e+03 8.084729909896850586e-01
8.993243243243243342e+03 8.121390938758850098e-01
8.993543543543542910e+03 8.134992122650146484e-01
8.993843843843844297e+03 8.136982321739196777e-01
8.994144144144143866e+03 8.160293698310852051e-01
8.994444444444445253e+03 8.219642639160156250e-01
8.994744744744744821e+03 8.302794694900512695e-01
8.995045045045044390e+03 8.382515907287597656e-01
8.995345345345345777e+03 8.437017798423767090e-01
8.995645645645645345e+03 8.479176759719848633e-01
8.995945945945946733e+03 8.529589772224426270e-01
8.996246246246246301e+03 8.575957417488098145e-01
8.996546546546545869e+03 8.606652617454528809e-01
8.996846846846847257e+03 8.632899522781372070e-01
8.997147147147146825e+03 8.646042943000793457e-01
8.997447447447448212e+03 8.629319667816162109e-01
8.997747747747747781e+03 8.592873811721801758e-01
8.998048048048047349e+03 8.561029434204101562e-01
8.998348348348348736e+03 8.554667830467224121e-01
8.998648648648648305e+03 8.579900860786437988e-01
8.998948948948949692e+03 8.627258539199829102e-01
8.999249249249249260e+03 8.702312111854553223e-01
8.999549549549548829e+03 8.807097077369689941e-01
8.999849849849850216e+03 8.928238749504089355e-01
9.000150150150149784e+03 9.051803946495056152e-01
9.000450450450451171e+03 9.163140058517456055e-01
9.000750750750750740e+03 9.253522157669067383e-01
9.001051051051050308e+03 9.327052831649780273e-01
9.001351351351351695e+03 9.397840499877929688e-01
9.001651651651651264e+03 9.478640556335449219e-01
9.001951951951952651e+03 9.575598835945129395e-01
9.002252252252252219e+03 9.674077630043029785e-01
9.002552552552551788e+03 9.742385149002075195e-01
9.002852852852853175e+03 9.769251942634582520e-01
9.003153153153152743e+03 9.769496917724609375e-01
9.003453453453454131e+03 9.754807353019714355e-01
9.003753753753753699e+03 9.741020202636718750e-01
9.004054054054053267e+03 9.757216572761535645e-01
9.004354354354354655e+03 9.809718728065490723e-01
9.004654654654654223e+03 9.872186183929443359e-01
9.004954954954955610e+03 9.923494458198547363e-01
9.005255255255255179e+03 9.968181252479553223e-01
9.005555555555554747e+03 1.002221822738647461e+00
9.005855855855856134e+03 1.008698225021362305e+00
9.006156156156155703e+03 1.015197992324829102e+00
9.006456456456457090e+03 1.021621108055114746e+00
9.006756756756756658e+03 1.028248906135559082e+00
9.007057057057056227e+03 1.034089326858520508e+00
9.007357357357357614e+03 1.038267374038696289e+00
9.007657657657657182e+03 1.040864229202270508e+00
9.007957957957958570e+03 1.043027400970458984e+00
9.008258258258258138e+03 1.045481920242309570e+00
9.008558558558557706e+03 1.047859072685241699e+00
9.008858858858859094e+03 1.051470994949340820e+00
9.009159159159158662e+03 1.056460618972778320e+00
9.009459459459460049e+03 1.060612320899963379e+00
9.009759759759759618e+03 1.062001585960388184e+00
