8.950000000000000000e+03 4.785040393471717834e-02
8.950300300300299568e+03 5.043829232454299927e-02
8.950600600600600956e+03 5.327907204627990723e-02
8.950900900900900524e+03 5.640975013375282288e-02
8.951201201201201911e+03 5.987475439906120300e-02
8.951501501501501480e+03 6.372788548469543457e-02
8.951801801801801048e+03 6.803492456674575806e-02
8.952102102102102435e+03 7.287711650133132935e-02
8.952402402402402004e+03 7.835607230663299561e-02
8.952702702702703391e+03 8.460059762001037598e-02
8.953003003003002959e+03 9.177654981613159180e-02
8.953303303303302528e+03 1.001013815402984619e-01
8.953603603603603915e+03 1.098663061857223511e-01
8.953903903903903483e+03 1.214708387851715088e-01
8.954204204204204871e+03 1.354780197143554688e-01
8.954504504504504439e+03 1.527026742696762085e-01
8.954804804804804007e+03 1.743420958518981934e-01
8.955105105105105395e+03 2.021021991968154907e-01
8.955405405405404963e+03 2.379830777645111084e-01
8.955705705705706350e+03 2.827827334403991699e-01
8.956006006006005919e+03 3.344931602478027344e-01
8.956306306306305487e+03 3.948949873447418213e-01
8.956606606606606874e+03 4.765859842300415039e-01
8.956906906906906443e+03 5.945407748222351074e-01
8.957207207207207830e+03 7.614691257476806641e-01
8.957507507507507398e+03 9.849994182586669922e-01
8.957807807807806967e+03 1.252892851829528809e+00
8.958108108108108354e+03 1.525376677513122559e+00
8.958408408408407922e+03 1.759818792343139648e+00
8.958708708708709310e+03 1.936190485954284668e+00
8.959009009009008878e+03 2.042407035827636719e+00
8.959309309309308446e+03 2.057641506195068359e+00
8.959609609609609834e+03 1.975972414016723633e+00
8.959909909909909402e+03 1.833529114723205566e+00
8.960210210210210789e+03 1.688242912292480469e+00
8.960510510510510358e+03 1.569980382919311523e+00
8.960810810810809926e+03 1.482186317443847656e+00
8.961111111111111313e+03 1.418535709381103516e+00
8.961411411411410882e+03 1.367916941642761230e+00
8.961711711711712269e+03 1.321159839630126953e+00
8.962012012012011837e+03 1.278939127922058105e+00
8.962312312312311406e+03 1.242693781852722168e+00
8.962612612612612793e+03 1.204083204269409180e+00
8.962912912912912361e+03 1.157004117965698242e+00
8.963213213213213749e+03 1.106496453285217285e+00
8.963513513513513317e+03 1.063088774681091309e+00
8.963813813813814704e+03 1.033203840255737305e+00
8.964114114114114273e+03 1.017064213752746582e+00
8.964414414414413841e+03 1.011757135391235352e+00
8.964714714714715228e+03 1.015631914138793945e+00
8.965015015015014797e+03 1.028055667877197266e+00
8.965315315315316184e+03 1.043921947479248047e+00
8.965615615615615752e+03 1.056236028671264648e+00
8.965915915915915321e+03 1.060596942901611328e+00
8.966216216216216708e+03 1.057275652885437012e+00
8.966516516516516276e+03 1.050396203994750977e+00
8.966816816816817663e+03 1.045247912406921387e+00
8.967117117117117232e+03 1.042892336845397949e+00
8.967417417417416800e+03 1.042571067810058594e+00
8.967717717717718187e+03 1.045392751693725586e+00
8.968018018018017756e+03 1.049177289009094238e+00
8.968318318318319143e+03 1.046867012977600098e+00
8.968618618618618711e+03 1.032122135162353516e+00
8.968918918918918280e+03 1.005985260009765625e+00
8.969219219219219667e+03 9.782016277313232422e-01
8.969519519519519235e+03 9.571595788002014160e-01
8.969819819819820623e+03 9.429048299789428711e-01
8.970120120120120191e+03 9.307746291160583496e-01
8.970420420420419759e+03 9.194067120552062988e-01
8.970720720720721147e+03 9.109774231910705566e-01
8.971021021021020715e+03 9.061032533645629883e-01
8.971321321321322102e+03 9.029031395912170410e-01
8.971621621621621671e+03 9.009721279144287109e-01
8.971921921921921239e+03 9.030037522315979004e-01
8.972222222222222626e+03 9.093529582023620605e-01
8.972522522522522195e+03 9.175274968147277832e-01
8.972822822822823582e+03 9.257747530937194824e-01
8.973123123123123150e+03 9.330473542213439941e-01
8.973423423423422719e+03 9.393537044525146484e-01
8.973723723723724106e+03 9.466559290885925293e-01
8.974024024024023674e+03 9.569916725158691406e-01
8.974324324324325062e+03 9.701341986656188965e-01
8.974624624624624630e+03 9.837378263473510742e-01
8.974924924924924198e+03 9.947484731674194336e-01
8.975225225225225586e+03 1.001153707504272461e+00
8.975525525525525154e+03 1.003623962402343750e+00
8.975825825825826541e+03 1.005710363388061523e+00
8.976126126126126110e+03 1.009678840637207031e+00
8.976426426426425678e+03 1.013331890106201172e+00
8.976726726726727065e+03 1.016423940658569336e+00
8.977027027027026634e+03 1.022393465042114258e+00
8.977327327327328021e+03 1.033846616744995117e+00
8.977627627627627589e+03 1.048771023750305176e+00
8.977927927927927158e+03 1.060496091842651367e+00
8.978228228228228545e+03 1.063768863677978516e+00
8.978528528528528113e+03 1.060204863548278809e+00
8.978828828828829501e+03 1.057341694831848145e+00
8.979129129129129069e+03 1.058990120887756348e+00
8.979429429429428637e+03 1.060643434524536133e+00
8.979729729729730025e+03 1.058129906654357910e+00
8.980030030030029593e+03 1.051939010620117188e+00
8.980330330330330980e+03 1.043773889541625977e+00
8.980630630630630549e+03 1.035183548927307129e+00
8.980930930930930117e+03 1.027238726615905762e+00
8.981231231231231504e+03 1.022793769836425781e+00
8.981531531531531073e+03 1.024289369583129883e+00
8.981831831831832460e+03 1.030516982078552246e+00
8.982132132132132028e+03 1.036934971809387207e+00
8.982432432432431597e+03 1.038558721542358398e+00
8.982732732732732984e+03 1.034704089164733887e+00
8.983033033033032552e+03 1.027263641357421875e+00
8.983333333333333940e+03 1.017723441123962402e+00
8.983633633633633508e+03 1.008230209350585938e+00
8.983933933933933076e+03 9.997263550758361816e-01
8.984234234234234464e+03 9.900611639022827148e-01
8.984534534534534032e+03 9.787516593933105469e-01
8.984834834834835419e+03 9.688817262649536133e-01
8.985135135135134988e+03 9.617016911506652832e-01
8.985435435435434556e+03 9.557060599327087402e-01
8.985735735735735943e+03 9.507467746734619141e-01
8.986036036036035512e+03 9.452251791954040527e-01
8.986336336336336899e+03 9.351544380187988281e-01
8.986636636636636467e+03 9.200311899185180664e-01
8.986936936936937855e+03 9.039897918701171875e-01
8.987237237237237423e+03 8.911957144737243652e-01
8.987537537537536991e+03 8.818721175193786621e-01
8.987837837837838379e+03 8.739282488822937012e-01
8.988138138138137947e+03 8.665248155593872070e-01
8.988438438438439334e+03 8.600613474845886230e-01
8.988738738738738903e+03 8.544520139694213867e-01
8.989039039039038471e+03 8.483088016510009766e-01
8.989339339339339858e+03 8.403140306472778320e-01
8.989639639639639427e+03 8.313215970993041992e-01
8.989939939939940814e+03 8.223961591720581055e-01
8.990240240240240382e+03 8.145202398300170898e-01
8.990540540540539951e+03 8.082916736602783203e-01
8.990840840840841338e+03 8.029399514198303223e-01
8.991141141141140906e+03 7.976697087287902832e-01
8.991441441441442294e+03 7.922964096069335938e-01
8.991741741741741862e+03 7.878603935241699219e-01
8.992042042042041430e+03 7.847910523414611816e-01
8.992342342342342818e+03 7.820313572883605957e-01
8.992642642642642386e+03 7.797656655311584473e-01
8.992942942942943773e+03 7.785895466804504395e-01
8.993243243243243342e+03 7.774821519851684570e-01
8.993543543543542910e+03 7.762129902839660645e-01
8.993843843843844297e+03 7.761407494544982910e-01
8.994144144144143866e+03 7.784028053283691406e-01
8.994444444444445253e+03 7.824606299400329590e-01
8.994744744744744821e+03 7.874888777732849121e-01
8.995045045045044390e+03 7.927374243736267090e-01
8.995345345345345777e+03 7.969589233398437500e-01
8.995645645645645345e+03 8.001152873039245605e-01
8.995945945945946733e+03 8.034449815750122070e-01
8.996246246246246301e+03 8.081095218658447266e-01
8.996546546546545869e+03 8.145198822021484375e-01
8.996846846846847257e+03 8.211813569068908691e-01
8.997147147147146825e+03 8.259658217430114746e-01
8.997447447447448212e+03 8.284267187118530273e-01
8.997747747747747781e+03 8.288583159446716309e-01
8.998048048048047349e+03 8.281270861625671387e-01
8.998348348348348736e+03 8.284844756126403809e-01
8.998648648648648305e+03 8.310208320617675781e-01
8.998948948948949692e+03 8.357890844345092773e-01
8.999249249249249260e+03 8.413096070289611816e-01
8.999549549549548829e+03 8.456723093986511230e-01
8.999849849849850216e+03 8.496071696281433105e-01
9.000150150150149784e+03 8.544081449508666992e-01
9.000450450450451171e+03 8.598643541336059570e-01
9.000750750750750740e+03 8.657104372978210449e-01
9.001051051051050308e+03 8.715471625328063965e-01
9.001351351351351695e+03 8.773922324180603027e-01
9.001651651651651264e+03 8.839020133018493652e-01
9.001951951951952651e+03 8.924245834350585938e-01
9.002252252252252219e+03 9.041665196418762207e-01
9.002552552552551788e+03 9.175004959106445312e-01
9.002852852852853175e+03 9.283251166343688965e-01
9.003153153153152743e+03 9.338883757591247559e-01
9.003453453453454131e+03 9.352999329566955566e-01
9.003753753753753699e+03 9.357619285583496094e-01
9.004054054054053267e+03 9.395768046379089355e-01
9.004354354354354655e+03 9.478668570518493652e-01
9.004654654654654223e+03 9.566899538040161133e-01
9.004954954954955610e+03 9.637063145637512207e-01
9.005255255255255179e+03 9.706012606620788574e-01
9.005555555555554747e+03 9.786400198936462402e-01
9.005855855855856134e+03 9.870837926864624023e-01
9.006156156156155703e+03 9.946272373199462891e-01
9.006456456456457090e+03 1.000574350357055664e+00
9.006756756756756658e+03 1.005188822746276855e+00
9.007057057057056227e+03 1.008433580398559570e+00
9.007357357357357614e+03 1.011514663696289062e+00
9.007657657657657182e+03 1.016641378402709961e+00
9.007957957957958570e+03 1.024536490440368652e+00
9.008258258258258138e+03 1.033671855926513672e+00
9.008558558558557706e+03 1.041274189949035645e+00
9.008858858858859094e+03 1.046544551849365234e+00
9.009159159159158662e+03 1.049740076065063477e+00
9.009459459459460049e+03 1.051241040229797363e+00
9.009759759759759618e+03 1.051304459571838379e+00
