8.950000000000000000e+03 4.427167400717735291e-02
8.950300300300299568e+03 4.634689912199974060e-02
8.950600600600600956e+03 4.859342053532600403e-02
8.950900900900900524e+03 5.103237554430961609e-02
8.951201201201201911e+03 5.368850752711296082e-02
8.951501501501501480e+03 5.659100785851478577e-02
8.951801801801801048e+03 5.977456644177436829e-02
8.952102102102102435e+03 6.328081339597702026e-02
8.952402402402402004e+03 6.716019660234451294e-02
8.952702702702703391e+03 7.147461175918579102e-02
8.953003003003002959e+03 7.630103081464767456e-02
8.953303303303302528e+03 8.173679560422897339e-02
8.953603603603603915e+03 8.790741860866546631e-02
8.953903903903903483e+03 9.497855603694915771e-02
8.954204204204204871e+03 1.031748056411743164e-01
8.954504504504504439e+03 1.128096655011177063e-01
8.954804804804804007e+03 1.243307664990425110e-01
8.955105105105105395e+03 1.383708119392395020e-01
8.955405405405404963e+03 1.557154059410095215e-01
8.955705705705706350e+03 1.768813282251358032e-01
8.956006006006005919e+03 2.012875527143478394e-01
8.956306306306305487e+03 2.284922152757644653e-01
8.956606606606606874e+03 2.616209387779235840e-01
8.956906906906906443e+03 3.051731884479522705e-01
8.957207207207207830e+03 3.615577220916748047e-01
8.957507507507507398e+03 4.328858554363250732e-01
8.957807807807806967e+03 5.234705805778503418e-01
8.958108108108108354e+03 6.389043331146240234e-01
8.958408408408407922e+03 7.784136533737182617e-01
8.958708708708709310e+03 9.347205162048339844e-01
8.959009009009008878e+03 1.101434707641601562e+00
8.959309309309308446e+03 1.272002220153808594e+00
8.959609609609609834e+03 1.437986969947814941e+00
8.959909909909909402e+03 1.597592830657958984e+00
8.960210210210210789e+03 1.756738543510437012e+00
8.960510510510510358e+03 1.912653207778930664e+00
8.960810810810809926e+03 2.049670934677124023e+00
8.961111111111111313e+03 2.165203094482421875e+00
8.961411411411410882e+03 2.273478984832763672e+00
8.961711711711712269e+03 2.378866195678710938e+00
8.962012012012011837e+03 2.462503671646118164e+00
8.962312312312311406e+03 2.502020597457885742e+00
8.962612612612612793e+03 2.493243694305419922e+00
8.962912912912912361e+03 2.443639278411865234e+00
8.963213213213213749e+03 2.366994857788085938e+00
8.963513513513513317e+03 2.281900405883789062e+00
8.963813813813814704e+03 2.198650121688842773e+00
8.964114114114114273e+03 2.113595962524414062e+00
8.964414414414413841e+03 2.020968437194824219e+00
8.964714714714715228e+03 1.920141100883483887e+00
8.965015015015014797e+03 1.813998699188232422e+00
8.965315315315316184e+03 1.699303269386291504e+00
8.965615615615615752e+03 1.569947242736816406e+00
8.965915915915915321e+03 1.434415698051452637e+00
8.966216216216216708e+03 1.312475562095642090e+00
8.966516516516516276e+03 1.215311527252197266e+00
8.966816816816817663e+03 1.141755461692810059e+00
8.967117117117117232e+03 1.086967706680297852e+00
8.967417417417416800e+03 1.043671846389770508e+00
8.967717717717718187e+03 1.005589604377746582e+00
8.968018018018017756e+03 9.700134992599487305e-01
8.968318318318319143e+03 9.347676038742065430e-01
8.968618618618618711e+03 8.995737433433532715e-01
8.968918918918918280e+03 8.686688542366027832e-01
8.969219219219219667e+03 8.469698429107666016e-01
8.969519519519519235e+03 8.353703022003173828e-01
8.969819819819820623e+03 8.319245576858520508e-01
8.970120120120120191e+03 8.340060710906982422e-01
8.970420420420419759e+03 8.393069505691528320e-01
8.970720720720721147e+03 8.463805913925170898e-01
8.971021021021020715e+03 8.551889657974243164e-01
8.971321321321322102e+03 8.661290407180786133e-01
8.971621621621621671e+03 8.791270852088928223e-01
8.971921921921921239e+03 8.927618861198425293e-01
8.972222222222222626e+03 9.072521328926086426e-01
8.972522522522522195e+03 9.245626330375671387e-01
8.972822822822823582e+03 9.416720271110534668e-01
8.973123123123123150e+03 9.528207182884216309e-01
8.973423423423422719e+03 9.539812803268432617e-01
8.973723723723724106e+03 9.454479813575744629e-01
8.974024024024023674e+03 9.314456582069396973e-01
8.974324324324325062e+03 9.180985093116760254e-01
8.974624624624624630e+03 9.088565707206726074e-01
8.974924924924924198e+03 9.018390178680419922e-01
8.975225225225225586e+03 8.933978676795959473e-01
8.975525525525525154e+03 8.829295039176940918e-01
8.975825825825826541e+03 8.732577562332153320e-01
8.976126126126126110e+03 8.669873476028442383e-01
8.976426426426425678e+03 8.628151416778564453e-01
8.976726726726727065e+03 8.578758835792541504e-01
8.977027027027026634e+03 8.505553603172302246e-01
8.977327327327328021e+03 8.399611115455627441e-01
8.977627627627627589e+03 8.256987333297729492e-01
8.977927927927927158e+03 8.087602257728576660e-01
8.978228228228228545e+03 7.918089032173156738e-01
8.978528528528528113e+03 7.764016985893249512e-01
8.978828828828829501e+03 7.624918222427368164e-01
8.979129129129129069e+03 7.496113777160644531e-01
8.979429429429428637e+03 7.374786734580993652e-01
8.979729729729730025e+03 7.259011268615722656e-01
8.980030030030029593e+03 7.159025073051452637e-01
8.980330330330330980e+03 7.079933285713195801e-01
8.980630630630630549e+03 7.009409666061401367e-01
8.980930930930930117e+03 6.945223212242126465e-01
8.981231231231231504e+03 6.904706954956054688e-01
8.981531531531531073e+03 6.885301470756530762e-01
8.981831831831832460e+03 6.867655515670776367e-01
8.982132132132132028e+03 6.853455305099487305e-01
8.982432432432431597e+03 6.845605373382568359e-01
8.982732732732732984e+03 6.833487153053283691e-01
8.983033033033032552e+03 6.808742284774780273e-01
8.983333333333333940e+03 6.776478886604309082e-01
8.983633633633633508e+03 6.748439669609069824e-01
8.983933933933933076e+03 6.743440628051757812e-01
8.984234234234234464e+03 6.773560047149658203e-01
8.984534534534534032e+03 6.839519739151000977e-01
8.984834834834835419e+03 6.938190460205078125e-01
8.985135135135134988e+03 7.050685286521911621e-01
8.985435435435434556e+03 7.147051692008972168e-01
8.985735735735735943e+03 7.207568883895874023e-01
8.986036036036035512e+03 7.226657867431640625e-01
8.986336336336336899e+03 7.209491729736328125e-01
8.986636636636636467e+03 7.170426249504089355e-01
8.986936936936937855e+03 7.131030559539794922e-01
8.987237237237237423e+03 7.109832763671875000e-01
8.987537537537536991e+03 7.109917998313903809e-01
8.987837837837838379e+03 7.115378975868225098e-01
8.988138138138137947e+03 7.112475633621215820e-01
8.988438438438439334e+03 7.109624147415161133e-01
8.988738738738738903e+03 7.137951850891113281e-01
8.989039039039038471e+03 7.215309739112854004e-01
8.989339339339339858e+03 7.327191233634948730e-01
8.989639639639639427e+03 7.444138526916503906e-01
8.989939939939940814e+03 7.548782825469970703e-01
8.990240240240240382e+03 7.652251124382019043e-01
8.990540540540539951e+03 7.759528756141662598e-01
8.990840840840841338e+03 7.870550155639648438e-01
8.991141141141140906e+03 7.988380789756774902e-01
8.991441441441442294e+03 8.117668032646179199e-01
8.991741741741741862e+03 8.267011642456054688e-01
8.992042042042041430e+03 8.429198265075683594e-01
8.992342342342342818e+03 8.601123690605163574e-01
8.992642642642642386e+03 8.788227438926696777e-01
8.992942942942943773e+03 8.972991704940795898e-01
8.993243243243243342e+03 9.154329895973205566e-01
8.993543543543542910e+03 9.350523948669433594e-01
8.993843843843844297e+03 9.546023011207580566e-01
8.994144144144143866e+03 9.703627228736877441e-01
8.994444444444445253e+03 9.828311800956726074e-01
8.994744744744744821e+03 9.965288043022155762e-01
8.995045045045044390e+03 1.012680053710937500e+00
8.995345345345345777e+03 1.028548479080200195e+00
8.995645645645645345e+03 1.040912151336669922e+00
8.995945945945946733e+03 1.047061204910278320e+00
8.996246246246246301e+03 1.047546625137329102e+00
8.996546546546545869e+03 1.045186996459960938e+00
8.996846846846847257e+03 1.042743444442749023e+00
8.997147147147146825e+03 1.043380379676818848e+00
8.997447447447448212e+03 1.049366712570190430e+00
8.997747747747747781e+03 1.058484077453613281e+00
8.998048048048047349e+03 1.066002130508422852e+00
8.998348348348348736e+03 1.071105957031250000e+00
8.998648648648648305e+03 1.077052354812622070e+00
8.998948948948949692e+03 1.083625078201293945e+00
8.999249249249249260e+03 1.087087154388427734e+00
8.999549549549548829e+03 1.087550640106201172e+00
8.999849849849850216e+03 1.088919878005981445e+00
9.000150150150149784e+03 1.093104124069213867e+00
9.000450450450451171e+03 1.100308299064636230e+00
9.000750750750750740e+03 1.107250452041625977e+00
9.001051051051050308e+03 1.111771345138549805e+00
9.001351351351351695e+03 1.114944934844970703e+00
9.001651651651651264e+03 1.117453694343566895e+00
9.001951951951952651e+03 1.119521975517272949e+00
9.002252252252252219e+03 1.119719743728637695e+00
9.002552552552551788e+03 1.117356777191162109e+00
9.002852852852853175e+03 1.114694118499755859e+00
9.003153153153152743e+03 1.115025997161865234e+00
9.003453453453454131e+03 1.121511697769165039e+00
9.003753753753753699e+03 1.134898066520690918e+00
9.004054054054053267e+03 1.150417208671569824e+00
9.004354354354354655e+03 1.160974025726318359e+00
9.004654654654654223e+03 1.164386391639709473e+00
9.004954954954955610e+03 1.163480520248413086e+00
9.005255255255255179e+03 1.161442160606384277e+00
9.005555555555554747e+03 1.159611344337463379e+00
9.005855855855856134e+03 1.156483292579650879e+00
9.006156156156155703e+03 1.150433778762817383e+00
9.006456456456457090e+03 1.142424345016479492e+00
9.006756756756756658e+03 1.133876442909240723e+00
9.007057057057056227e+03 1.125605583190917969e+00
9.007357357357357614e+03 1.120070338249206543e+00
9.007657657657657182e+03 1.118537664413452148e+00
9.007957957957958570e+03 1.118632078170776367e+00
9.008258258258258138e+03 1.118536353111267090e+00
9.008558558558557706e+03 1.117207407951354980e+00
9.008858858858859094e+03 1.113334178924560547e+00
9.009159159159158662e+03 1.106926321983337402e+00
9.009459459459460049e+03 1.099829912185668945e+00
9.009759759759759618e+03 1.093116283416748047e+00
