8.950000000000000000e+03 4.621221497654914856e-02
8.950300300300299568e+03 4.859787225723266602e-02
8.950600600600600956e+03 5.120719969272613525e-02
8.950900900900900524e+03 5.407222732901573181e-02
8.951201201201201911e+03 5.723103135824203491e-02
8.951501501501501480e+03 6.072956323623657227e-02
8.951801801801801048e+03 6.462302803993225098e-02
8.952102102102102435e+03 6.897904723882675171e-02
8.952402402402402004e+03 7.388042658567428589e-02
8.952702702702703391e+03 7.942987233400344849e-02
8.953003003003002959e+03 8.575642108917236328e-02
8.953303303303302528e+03 9.302625805139541626e-02
8.953603603603603915e+03 1.014639288187026978e-01
8.953903903903903483e+03 1.113824248313903809e-01
8.954204204204204871e+03 1.231986358761787415e-01
8.954504504504504439e+03 1.374595910310745239e-01
8.954804804804804007e+03 1.549974977970123291e-01
8.955105105105105395e+03 1.770836114883422852e-01
8.955405405405404963e+03 2.053608745336532593e-01
8.955705705705706350e+03 2.412268221378326416e-01
8.956006006006005919e+03 2.845093905925750732e-01
8.956306306306305487e+03 3.355033099651336670e-01
8.956606606606606874e+03 4.008633792400360107e-01
8.956906906906906443e+03 4.922039508819580078e-01
8.957207207207207830e+03 6.211941838264465332e-01
8.957507507507507398e+03 7.988124489784240723e-01
8.957807807807806967e+03 1.028906345367431641e+00
8.958108108108108354e+03 1.291347026824951172e+00
8.958408408408407922e+03 1.534349322319030762e+00
8.958708708708709310e+03 1.706124782562255859e+00
8.959009009009008878e+03 1.793271422386169434e+00
8.959309309309308446e+03 1.816697716712951660e+00
8.959609609609609834e+03 1.804226875305175781e+00
8.959909909909909402e+03 1.772987842559814453e+00
8.960210210210210789e+03 1.729335665702819824e+00
8.960510510510510358e+03 1.676363110542297363e+00
8.960810810810809926e+03 1.617623567581176758e+00
8.961111111111111313e+03 1.556445002555847168e+00
8.961411411411410882e+03 1.495569705963134766e+00
8.961711711711712269e+03 1.438133239746093750e+00
8.962012012012011837e+03 1.386803150177001953e+00
8.962312312312311406e+03 1.342789530754089355e+00
8.962612612612612793e+03 1.306485295295715332e+00
8.962912912912912361e+03 1.278070569038391113e+00
8.963213213213213749e+03 1.257462739944458008e+00
8.963513513513513317e+03 1.244309425354003906e+00
8.963813813813814704e+03 1.238000631332397461e+00
8.964114114114114273e+03 1.236638188362121582e+00
8.964414414414413841e+03 1.237140893936157227e+00
8.964714714714715228e+03 1.237122774124145508e+00
8.965015015015014797e+03 1.235901951789855957e+00
8.965315315315316184e+03 1.233651399612426758e+00
8.965615615615615752e+03 1.230565547943115234e+00
8.965915915915915321e+03 1.226715087890625000e+00
8.966216216216216708e+03 1.222095966339111328e+00
8.966516516516516276e+03 1.216319918632507324e+00
8.966816816816817663e+03 1.208751797676086426e+00
8.967117117117117232e+03 1.199292540550231934e+00
8.967417417417416800e+03 1.188313484191894531e+00
8.967717717717718187e+03 1.176276206970214844e+00
8.968018018018017756e+03 1.163562417030334473e+00
8.968318318318319143e+03 1.150160431861877441e+00
8.968618618618618711e+03 1.135714173316955566e+00
8.968918918918918280e+03 1.120090246200561523e+00
8.969219219219219667e+03 1.103745222091674805e+00
8.969519519519519235e+03 1.087444543838500977e+00
8.969819819819820623e+03 1.071810960769653320e+00
8.970120120120120191e+03 1.057160735130310059e+00
8.970420420420419759e+03 1.043298959732055664e+00
8.970720720720721147e+03 1.030006051063537598e+00
8.971021021021020715e+03 1.017693877220153809e+00
8.971321321321322102e+03 1.006944179534912109e+00
8.971621621621621671e+03 9.979639053344726562e-01
8.971921921921921239e+03 9.906566739082336426e-01
8.972222222222222626e+03 9.848533868789672852e-01
8.972522522522522195e+03 9.803071618080139160e-01
8.972822822822823582e+03 9.769152402877807617e-01
8.973123123123123150e+03 9.745543003082275391e-01
8.973423423423422719e+03 9.728558063507080078e-01
8.973723723723724106e+03 9.715031385421752930e-01
8.974024024024023674e+03 9.704946279525756836e-01
8.974324324324325062e+03 9.697984457015991211e-01
8.974624624624624630e+03 9.691801071166992188e-01
8.974924924924924198e+03 9.683690071105957031e-01
8.975225225225225586e+03 9.671983718872070312e-01
8.975525525525525154e+03 9.658010601997375488e-01
8.975825825825826541e+03 9.644323587417602539e-01
8.976126126126126110e+03 9.632272720336914062e-01
8.976426426426425678e+03 9.622508287429809570e-01
8.976726726726727065e+03 9.615232944488525391e-01
8.977027027027026634e+03 9.610741138458251953e-01
8.977327327327328021e+03 9.609441757202148438e-01
8.977627627627627589e+03 9.610929489135742188e-01
8.977927927927927158e+03 9.614736437797546387e-01
8.978228228228228545e+03 9.619103074073791504e-01
8.978528528528528113e+03 9.620132446289062500e-01
8.978828828828829501e+03 9.614863395690917969e-01
8.979129129129129069e+03 9.603533148765563965e-01
8.979429429429428637e+03 9.588540792465209961e-01
8.979729729729730025e+03 9.572631120681762695e-01
8.980030030030029593e+03 9.557206630706787109e-01
8.980330330330330980e+03 9.540725946426391602e-01
8.980630630630630549e+03 9.519903659820556641e-01
8.980930930930930117e+03 9.492235183715820312e-01
8.981231231231231504e+03 9.458799362182617188e-01
8.981531531531531073e+03 9.421178102493286133e-01
8.981831831831832460e+03 9.378839731216430664e-01
8.982132132132132028e+03 9.331092238426208496e-01
8.982432432432431597e+03 9.277157783508300781e-01
8.982732732732732984e+03 9.217727184295654297e-01
8.983033033033032552e+03 9.155817627906799316e-01
8.983333333333333940e+03 9.093590974807739258e-01
8.983633633633633508e+03 9.031222462654113770e-01
8.983933933933933076e+03 8.969517946243286133e-01
8.984234234234234464e+03 8.909600973129272461e-01
8.984534534534534032e+03 8.850961923599243164e-01
8.984834834834835419e+03 8.794225454330444336e-01
8.985135135135134988e+03 8.740951418876647949e-01
8.985435435435434556e+03 8.689129352569580078e-01
8.985735735735735943e+03 8.636406660079956055e-01
8.986036036036035512e+03 8.583530187606811523e-01
8.986336336336336899e+03 8.530725836753845215e-01
8.986636636636636467e+03 8.477513790130615234e-01
8.986936936936937855e+03 8.425344824790954590e-01
8.987237237237237423e+03 8.375941514968872070e-01
8.987537537537536991e+03 8.329541683197021484e-01
8.987837837837838379e+03 8.285800218582153320e-01
8.988138138138137947e+03 8.245022296905517578e-01
8.988438438438439334e+03 8.207941651344299316e-01
8.988738738738738903e+03 8.176216483116149902e-01
8.989039039039038471e+03 8.150689005851745605e-01
8.989339339339339858e+03 8.129827380180358887e-01
8.989639639639639427e+03 8.111447691917419434e-01
8.989939939939940814e+03 8.094969987869262695e-01
8.990240240240240382e+03 8.081554174423217773e-01
8.990540540540539951e+03 8.072190284729003906e-01
8.990840840840841338e+03 8.065311312675476074e-01
8.991141141141140906e+03 8.059476017951965332e-01
8.991441441441442294e+03 8.057235479354858398e-01
8.991741741741741862e+03 8.061383366584777832e-01
8.992042042042041430e+03 8.070263266563415527e-01
8.992342342342342818e+03 8.081834912300109863e-01
8.992642642642642386e+03 8.096723556518554688e-01
8.992942942942943773e+03 8.114054203033447266e-01
8.993243243243243342e+03 8.131440877914428711e-01
8.993543543543542910e+03 8.148707151412963867e-01
8.993843843843844297e+03 8.168203830718994141e-01
8.994144144144143866e+03 8.192351460456848145e-01
8.994444444444445253e+03 8.221258521080017090e-01
8.994744744744744821e+03 8.253365159034729004e-01
8.995045045045044390e+03 8.288057446479797363e-01
8.995345345345345777e+03 8.324906826019287109e-01
8.995645645645645345e+03 8.362741470336914062e-01
8.995945945945946733e+03 8.400683999061584473e-01
8.996246246246246301e+03 8.439481258392333984e-01
8.996546546546545869e+03 8.479903936386108398e-01
8.996846846846847257e+03 8.521090149879455566e-01
8.997147147147146825e+03 8.562626242637634277e-01
8.997447447447448212e+03 8.604652881622314453e-01
8.997747747747747781e+03 8.646442294120788574e-01
8.998048048048047349e+03 8.688150644302368164e-01
8.998348348348348736e+03 8.729315996170043945e-01
8.998648648648648305e+03 8.768211603164672852e-01
8.998948948948949692e+03 8.806005716323852539e-01
8.999249249249249260e+03 8.845732808113098145e-01
8.999549549549548829e+03 8.887756466865539551e-01
8.999849849849850216e+03 8.931207060813903809e-01
9.000150150150149784e+03 8.975536227226257324e-01
9.000450450450451171e+03 9.020509719848632812e-01
9.000750750750750740e+03 9.067708253860473633e-01
9.001051051051050308e+03 9.118561744689941406e-01
9.001351351351351695e+03 9.171586632728576660e-01
9.001651651651651264e+03 9.224545955657958984e-01
9.001951951951952651e+03 9.276750087738037109e-01
9.002252252252252219e+03 9.329429864883422852e-01
9.002552552552551788e+03 9.382812976837158203e-01
9.002852852852853175e+03 9.435424804687500000e-01
9.003153153153152743e+03 9.486782550811767578e-01
9.003453453453454131e+03 9.536839723587036133e-01
9.003753753753753699e+03 9.585059881210327148e-01
9.004054054054053267e+03 9.631730914115905762e-01
9.004354354354354655e+03 9.677222967147827148e-01
9.004654654654654223e+03 9.721459150314331055e-01
9.004954954954955610e+03 9.764178991317749023e-01
9.005255255255255179e+03 9.805213212966918945e-01
9.005555555555554747e+03 9.844822883605957031e-01
9.005855855855856134e+03 9.883502721786499023e-01
9.006156156156155703e+03 9.920266270637512207e-01
9.006456456456457090e+03 9.954698085784912109e-01
9.006756756756756658e+03 9.987627267837524414e-01
9.007057057057056227e+03 1.001838326454162598e+00
9.007357357357357614e+03 1.004502177238464355e+00
9.007657657657657182e+03 1.006855010986328125e+00
9.007957957957958570e+03 1.009264945983886719e+00
9.008258258258258138e+03 1.011799693107604980e+00
9.008558558558557706e+03 1.014327287673950195e+00
9.008858858858859094e+03 1.016737461090087891e+00
9.009159159159158662e+03 1.018934130668640137e+00
9.009459459459460049e+03 1.020939826965332031e+00
9.009759759759759618e+03 1.022804617881774902e+00
